[{'A': 0, 'B': 0, 'C': 100, 'D': 0, 'E': 100, 'F': 0, 'G': 0, 'H': 100, 'I': 0, 'J': 100, 'K': 0, 'L': 100, 'M': 0, 'N': 0, 'O': 100, 'P': 100, 'Q': 0, 'R': 100, 'S': 0, 'T': 0}]
BCDEFGHIJKLMNOPQRST 	0.0       	19	8	0	1
CEHJLOPR            	0.8       	8	8	0.1	1
CEHJLOPR            	1.6       	8	8	0.2	2
CEHJLOPR            	2.4       	8	8	0.3	3
CEHJLOPR            	3.2       	8	8	0.4	4
CEHJLOPR            	4.0       	8	8	0.5	5
CELO                	4.644320617	4	8	0.6	1
ELOP                	5.044320617	4	8	0.7	2
PR                  	5.304735376	2	8	0.8	1
OR                  	5.504735376	2	8	0.9	2
OR                  	5.704735376	2	8	1.0	3
PR                  	5.904735376	2	8	1.1	4
OR                  	6.104735376	2	8	1.2	5
OR                  	6.304735376	2	8	1.3	6
PR                  	6.504735376	2	8	1.4	7
OR                  	6.704735376	2	8	1.5	8
PR                  	6.904735376	2	8	1.6	9
PR                  	7.104735376	2	8	1.7	10
OR                  	7.304735376	2	8	1.8	11
PR                  	7.504735376	2	8	1.9	12
PR                  	7.704735376	2	8	2.0	13
PR                  	7.904735376	2	8	2.1	14
PR                  	8.104735376	2	8	2.2	15
OR                  	8.304735376	2	8	2.3	16
PR                  	8.504735376	2	8	2.4	17
PR                  	8.704735376	2	8	2.5	18
OR                  	8.904735376	2	8	2.6	19
PR                  	9.104735376	2	8	2.7	20
OR                  	9.304735376	2	8	2.8	21
OR                  	9.504735376	2	8	2.9	22
PR                  	9.704735376	2	8	3.0	23
PR                  	9.904735376	2	8	3.1	24
PR                  	10.104735376	2	8	3.2	25
OR                  	10.304735376	2	8	3.3	26
OR                  	10.504735376	2	8	3.4	27
OR                  	10.704735376	2	8	3.5	28
OR                  	10.904735376	2	8	3.6	29
OR                  	11.104735376	2	8	3.7	30
PR                  	11.304735376	2	8	3.8	31
OR                  	11.504735376	2	8	3.9	32
PR                  	11.704735376	2	8	4.0	33
PR                  	11.904735376	2	8	4.1	34
OR                  	12.104735376	2	8	4.2	35
PR                  	12.304735376	2	8	4.3	36
PR                  	12.504735376	2	8	4.4	37
PR                  	12.704735376	2	8	4.5	38
PR                  	12.904735376	2	8	4.6	39
PR                  	13.104735376	2	8	4.7	40
OR                  	13.304735376	2	8	4.8	41
OR                  	13.504735376	2	8	4.9	42
B                   	13.625    	1	8	5.0	1
--------------
