[{'A': 0, 'B': 0, 'C': 100, 'D': 0, 'E': 100, 'F': 0, 'G': 0, 'H': 100, 'I': 0, 'J': 100, 'K': 0, 'L': 100, 'M': 0, 'N': 0, 'O': 100, 'P': 100, 'Q': 0, 'R': 100, 'S': 0, 'T': 0}]
BCDEFGHIJKLMNOPQRST 	0.0                      	19	8	0	1
CEHJLOPR            	1.150759664              	8	8	0.1	1
CEHJLOPR            	2.178952142              	8	8	0.2	2
CEHJLOPR            	3.104841101              	8	8	0.3	3
EHLP                	3.76173981               	4	8	0.4	1
CEHL                	4.110842145              	4	8	0.5	2
CEHL                	4.449382716              	4	8	0.6	3
CEHL                	4.778019294              	4	8	0.7	4
OR                  	5.079733548              	2	8	0.8	1
OR                  	5.245299145              	2	8	0.9	2
PR                  	5.409598129              	2	8	1.0	3
PR                  	5.572666851              	2	8	1.1	4
PR                  	5.734540286              	2	8	1.2	5
PR                  	5.895252094              	2	8	1.3	6
OR                  	6.054834683              	2	8	1.4	7
PR                  	6.21331927               	2	8	1.5	8
OR                  	6.370735927              	2	8	1.6	9
PR                  	6.52711364               	2	8	1.7	10
OR                  	6.682480357              	2	8	1.8	11
OR                  	6.836863029              	2	8	1.9	12
PR                  	6.990287661              	2	8	2.0	13
PR                  	7.142779348              	2	8	2.1	14
OR                  	7.294362315              	2	8	2.2	15
PR                  	7.445059958              	2	8	2.3	16
OR                  	7.594894875              	2	8	2.4	17
OR                  	7.743888901              	2	8	2.5	18
PR                  	7.892063143              	2	8	2.6	19
PR                  	8.039438004              	2	8	2.7	20
PR                  	8.186033217              	2	8	2.8	21
OR                  	8.331867872              	2	8	2.9	22
OR                  	8.47696044               	2	8	3.0	23
OR                  	8.621328797              	2	8	3.1	24
PR                  	8.764990252              	2	8	3.2	25
OR                  	8.907961565              	2	8	3.3	26
PR                  	9.050258971              	2	8	3.4	27
OR                  	9.1918982                	2	8	3.5	28
OR                  	9.332894496              	2	8	3.6	29
OR                  	9.473262636              	2	8	3.7	30
PR                  	9.613016946              	2	8	3.8	31
OR                  	9.752171323              	2	8	3.9	32
OR                  	9.890739244              	2	8	4.0	33
PR                  	10.028733788             	2	8	4.1	34
OR                  	10.166167647             	2	8	4.2	35
PR                  	10.303053141             	2	8	4.3	36
OR                  	10.439402231             	2	8	4.4	37
OR                  	10.575226534             	2	8	4.5	38
OR                  	10.710537334             	2	8	4.6	39
OR                  	10.845345593             	2	8	4.7	40
PR                  	10.979661962             	2	8	4.8	41
PR                  	11.113496797             	2	8	4.9	42
OR                  	11.24686016              	2	8	5.0	43
PR                  	11.37976184              	2	8	5.1	44
PR                  	11.512211352             	2	8	5.2	45
PR                  	11.644217956             	2	8	5.3	46
OR                  	11.775790657             	2	8	5.4	47
OR                  	11.906938219             	2	8	5.5	48
PR                  	12.037669172             	2	8	5.6	49
PR                  	12.167991818             	2	8	5.7	50
PR                  	12.297914243             	2	8	5.8	51
PR                  	12.427444316             	2	8	5.9	52
PR                  	12.556589705             	2	8	6.0	53
OR                  	12.685357879             	2	8	6.1	54
PR                  	12.813756112             	2	8	6.2	55
OR                  	12.941791496             	2	8	6.3	56
PR                  	13.069470941             	2	8	6.4	57
OR                  	13.196801182             	2	8	6.5	58
PR                  	13.323788786             	2	8	6.6	59
PR                  	13.450440157             	2	8	6.7	60
PR                  	13.576761539             	2	8	6.8	61
PR                  	13.702759023             	2	8	6.9	62
OR                  	13.828438551             	2	8	7.0	63
PR                  	13.953805921             	2	8	7.1	64
PR                  	14.078866791             	2	8	7.2	65
PR                  	14.203626681             	2	8	7.3	66
PR                  	14.328090982             	2	8	7.4	67
OR                  	14.452264955             	2	8	7.5	68
OR                  	14.576153739             	2	8	7.6	69
PR                  	14.699762349             	2	8	7.7	70
OR                  	14.823095687             	2	8	7.8	71
OR                  	14.946158539             	2	8	7.9	72
OR                  	15.068955582             	2	8	8.0	73
PR                  	15.191491383             	2	8	8.1	74
OR                  	15.313770408             	2	8	8.2	75
OR                  	15.435797022             	2	8	8.3	76
PR                  	15.557575488             	2	8	8.4	77
OR                  	15.679109978             	2	8	8.5	78
PR                  	15.800404568             	2	8	8.6	79
PR                  	15.921463244             	2	8	8.7	80
PR                  	16.042289906             	2	8	8.8	81
PR                  	16.162888367             	2	8	8.9	82
OR                  	16.283262356             	2	8	9.0	83
OR                  	16.403415525             	2	8	9.1	84
PR                  	16.523351442             	2	8	9.2	85
PR                  	16.643073602             	2	8	9.3	86
OR                  	16.762585425             	2	8	9.4	87
PR                  	16.881890258             	2	8	9.5	88
OR                  	17.000991378             	2	8	9.6	89
OR                  	17.11989199              	2	8	9.7	90
PR                  	17.238595238             	2	8	9.8	91
OR                  	17.357104195             	2	8	9.9	92
OR                  	17.475421874             	2	8	10.0	93
OR                  	17.593551224             	2	8	10.1	94
OR                  	17.711495135             	2	8	10.2	95
PR                  	17.829256437             	2	8	10.3	96
OR                  	17.946837905             	2	8	10.4	97
OR                  	18.064242256             	2	8	10.5	98
OR                  	18.181472152             	2	8	10.6	99
PR                  	18.298530203             	2	8	10.7	100
PR                  	18.415418968             	2	8	10.8	101
OR                  	18.532140955             	2	8	10.9	102
PR                  	18.64869862              	2	8	11.0	103
PR                  	18.765094376             	2	8	11.1	104
PR                  	18.881330585             	2	8	11.2	105
OR                  	18.997409564             	2	8	11.3	106
OR                  	19.113333587             	2	8	11.4	107
PR                  	19.229104883             	2	8	11.5	108
PR                  	19.344725638             	2	8	11.6	109
PR                  	19.460197998             	2	8	11.7	110
OR                  	19.575524067             	2	8	11.8	111
PR                  	19.69070591              	2	8	11.9	112
PR                  	19.805745554             	2	8	12.0	113
PR                  	19.920644987             	2	8	12.1	114
PR                  	20.035406161             	2	8	12.2	115
PR                  	20.150030991             	2	8	12.3	116
PR                  	20.264521358             	2	8	12.4	117
PR                  	20.378879108             	2	8	12.5	118
OR                  	20.493106052             	2	8	12.6	119
OR                  	20.607203971             	2	8	12.7	120
PR                  	20.721174612             	2	8	12.8	121
OR                  	20.83501969              	2	8	12.9	122
OR                  	20.948740891             	2	8	13.0	123
PR                  	21.062339869             	2	8	13.1	124
OR                  	21.175818252             	2	8	13.2	125
OR                  	21.289177635             	2	8	13.3	126
OR                  	21.402419588             	2	8	13.4	127
OR                  	21.515545652             	2	8	13.5	128
OR                  	21.628557343             	2	8	13.6	129
PR                  	21.741456148             	2	8	13.7	130
OR                  	21.85424353              	2	8	13.8	131
PR                  	21.966920927             	2	8	13.9	132
PR                  	22.079489751             	2	8	14.0	133
OR                  	22.191951392             	2	8	14.1	134
OR                  	22.304307214             	2	8	14.2	135
OR                  	22.416558561             	2	8	14.3	136
OR                  	22.52870675              	2	8	14.4	137
OR                  	22.640753081             	2	8	14.5	138
OR                  	22.752698828             	2	8	14.6	139
PR                  	22.864545246             	2	8	14.7	140
PR                  	22.976293568             	2	8	14.8	141
PR                  	23.087945009             	2	8	14.9	142
OR                  	23.199500762             	2	8	15.0	143
PR                  	23.310962                	2	8	15.1	144
PR                  	23.422329879             	2	8	15.2	145
PR                  	23.533605534             	2	8	15.3	146
OR                  	23.644790083             	2	8	15.4	147
OR                  	23.755884626             	2	8	15.5	148
PR                  	23.866890246             	2	8	15.6	149
PR                  	23.977808006             	2	8	15.7	150
PR                  	24.088638955             	2	8	15.8	151
OR                  	24.199384125             	2	8	15.9	152
PR                  	24.310044529             	2	8	16.0	153
OR                  	24.420621168             	2	8	16.1	154
OR                  	24.531115025             	2	8	16.2	155
PR                  	24.641527067             	2	8	16.3	156
OR                  	24.751858248             	2	8	16.4	157
PR                  	24.862109506             	2	8	16.5	158
PR                  	24.972281766             	2	8	16.6	159
OR                  	25.082375936             	2	8	16.7	160
OR                  	25.192392912             	2	8	16.8	161
OR                  	25.302333577             	2	8	16.9	162
PR                  	25.4121988               	2	8	17.0	163
PR                  	25.521989435             	2	8	17.1	164
OR                  	25.631706326             	2	8	17.2	165
PR                  	25.741350303             	2	8	17.3	166
OR                  	25.850922183             	2	8	17.4	167
OR                  	25.960422771             	2	8	17.5	168
OR                  	26.069852862             	2	8	17.6	169
PR                  	26.179213237             	2	8	17.7	170
PR                  	26.288504667             	2	8	17.8	171
OR                  	26.397727909             	2	8	17.9	172
OR                  	26.506883713             	2	8	18.0	173
PR                  	26.615972815             	2	8	18.1	174
PR                  	26.724995941             	2	8	18.2	175
OR                  	26.833953807             	2	8	18.3	176
OR                  	26.942847119             	2	8	18.4	177
OR                  	27.051676571             	2	8	18.5	178
PR                  	27.16044285              	2	8	18.6	179
PR                  	27.269146631             	2	8	18.7	180
PR                  	27.377788579             	2	8	18.8	181
OR                  	27.486369352             	2	8	18.9	182
PR                  	27.594889596             	2	8	19.0	183
PR                  	27.703349951             	2	8	19.1	184
OR                  	27.811751044             	2	8	19.2	185
OR                  	27.920093497             	2	8	19.3	186
B                   	28.025                   	1	8	19.4	1
--------------
