[{'A': 0, 'B': 0, 'C': 4, 'D': 0, 'E': 0, 'F': 2, 'G': 3, 'H': 1000, 'I': 1, 'J': 0, 'K': 2, 'L': 1, 'M': 0, 'N': 2, 'O': 0, 'P': 0, 'Q': 2, 'R': 1, 'S': 0, 'T': 0}]
BCDEFGHIJKLMNOPQRST 	0.0       	19	10	0	1
CFGHIKLNQR          	0.05      	10	10	0.005	1
CFGHIKLNQR          	0.1       	10	10	0.01	2
CFGHIKLNQR          	0.15      	10	10	0.015	3
CDHN                	0.17259476	4	10	0.02	1
CHR                 	0.189234694	3	10	0.025	1
CHR                 	0.204234694	3	10	0.03	2
CHR                 	0.219234694	3	10	0.035	3
CHR                 	0.234234694	3	10	0.04	4
CHR                 	0.249234694	3	10	0.045	5
CHR                 	0.264234694	3	10	0.05	6
CHR                 	0.279234694	3	10	0.055	7
CHR                 	0.294234694	3	10	0.06	8
CHR                 	0.309234694	3	10	0.065	9
CHR                 	0.324234694	3	10	0.07	10
CHR                 	0.339234694	3	10	0.075	11
CHR                 	0.354234694	3	10	0.08	12
CHR                 	0.369234694	3	10	0.085	13
CHR                 	0.384234694	3	10	0.09	14
CHR                 	0.399234694	3	10	0.095	15
CHR                 	0.414234694	3	10	0.1	16
CHR                 	0.429234694	3	10	0.105	17
CHR                 	0.444234694	3	10	0.11	18
CHR                 	0.459234694	3	10	0.115	19
CHR                 	0.474234694	3	10	0.12	20
CHR                 	0.489234694	3	10	0.125	21
CHR                 	0.504234694	3	10	0.13	22
CHR                 	0.519234694	3	10	0.135	23
CHR                 	0.534234694	3	10	0.14	24
HJ                  	0.548142661	2	10	0.145	1
HJ                  	0.558142661	2	10	0.15	2
HJ                  	0.568142661	2	10	0.155	3
HJ                  	0.578142661	2	10	0.16	4
HJ                  	0.588142661	2	10	0.165	5
HJ                  	0.598142661	2	10	0.17	6
HJ                  	0.608142661	2	10	0.175	7
HJ                  	0.618142661	2	10	0.18	8
HJ                  	0.628142661	2	10	0.185	9
HJ                  	0.638142661	2	10	0.19	10
HJ                  	0.648142661	2	10	0.195	11
HJ                  	0.658142661	2	10	0.2	12
HJ                  	0.668142661	2	10	0.205	13
HJ                  	0.678142661	2	10	0.21	14
HJ                  	0.688142661	2	10	0.215	15
HJ                  	0.698142661	2	10	0.22	16
HJ                  	0.708142661	2	10	0.225	17
HJ                  	0.718142661	2	10	0.23	18
HJ                  	0.728142661	2	10	0.235	19
HJ                  	0.738142661	2	10	0.24	20
HJ                  	0.748142661	2	10	0.245	21
HJ                  	0.758142661	2	10	0.25	22
H                   	0.763840864	1	10	0.255	1
--------------
