[{'A': 0, 'B': 0, 'C': 0, 'D': 3, 'E': 0, 'F': 0, 'G': 0, 'H': 0, 'I': 0, 'J': 0, 'K': 32, 'L': 16, 'M': 0, 'N': 0, 'O': 0, 'P': 0, 'Q': 0, 'R': 9, 'S': 2, 'T': 0}]
BCDEFGHIJKLMNOPQRST 	0.0       	19	5	0	1
DKLRS               	0.025     	5	5	0.005	1
DKLRS               	0.05      	5	5	0.01	2
DKLRS               	0.075     	5	5	0.015	3
DKLRS               	0.1       	5	5	0.02	4
DKLRS               	0.125     	5	5	0.025	5
DKLRS               	0.15      	5	5	0.03	6
DKLRS               	0.175     	5	5	0.035	7
DKLRS               	0.2       	5	5	0.04	8
DKLRS               	0.225     	5	5	0.045	9
DKLRS               	0.25      	5	5	0.05	10
DKLRS               	0.275     	5	5	0.055	11
DKLRS               	0.3       	5	5	0.06	12
DKLRS               	0.325     	5	5	0.065	13
DKLRS               	0.35      	5	5	0.07	14
DKLRS               	0.375     	5	5	0.075	15
DKLRS               	0.4       	5	5	0.08	16
DKLRS               	0.425     	5	5	0.085	17
DKLRS               	0.45      	5	5	0.09	18
DKLRS               	0.475     	5	5	0.095	19
DKLRS               	0.5       	5	5	0.1	20
DKLRS               	0.525     	5	5	0.105	21
DKLRS               	0.55      	5	5	0.11	22
DKLRS               	0.575     	5	5	0.115	23
DKLRS               	0.6       	5	5	0.12	24
DKLRS               	0.625     	5	5	0.125	25
KLR                 	0.643467565	3	5	0.13	1
KLR                 	0.658467565	3	5	0.135	2
KLR                 	0.673467565	3	5	0.14	3
KLR                 	0.688467565	3	5	0.145	4
KLR                 	0.703467565	3	5	0.15	5
KLR                 	0.718467565	3	5	0.155	6
KLR                 	0.733467565	3	5	0.16	7
KLR                 	0.748467565	3	5	0.165	8
KLR                 	0.763467565	3	5	0.17	9
KLR                 	0.778467565	3	5	0.175	10
KLR                 	0.793467565	3	5	0.18	11
KLR                 	0.808467565	3	5	0.185	12
KLR                 	0.823467565	3	5	0.19	13
KLR                 	0.838467565	3	5	0.195	14
KLR                 	0.853467565	3	5	0.2	15
KLR                 	0.868467565	3	5	0.205	16
KLR                 	0.883467565	3	5	0.21	17
KLR                 	0.898467565	3	5	0.215	18
KLR                 	0.913467565	3	5	0.22	19
KLR                 	0.928467565	3	5	0.225	20
KLR                 	0.943467565	3	5	0.23	21
KLR                 	0.958467565	3	5	0.235	22
KLR                 	0.973467565	3	5	0.24	23
KLR                 	0.988467565	3	5	0.245	24
KLR                 	1.003467565	3	5	0.25	25
KLR                 	1.018467565	3	5	0.255	26
KLR                 	1.033467565	3	5	0.26	27
KLR                 	1.048467565	3	5	0.265	28
KLR                 	1.063467565	3	5	0.27	29
KLR                 	1.078467565	3	5	0.275	30
KLR                 	1.093467565	3	5	0.28	31
KLR                 	1.108467565	3	5	0.285	32
KLR                 	1.123467565	3	5	0.29	33
KLR                 	1.138467565	3	5	0.295	34
KLR                 	1.153467565	3	5	0.3	35
KLR                 	1.168467565	3	5	0.305	36
KLR                 	1.183467565	3	5	0.31	37
KLR                 	1.198467565	3	5	0.315	38
KLR                 	1.213467565	3	5	0.32	39
KLR                 	1.228467565	3	5	0.325	40
KLR                 	1.243467565	3	5	0.33	41
KLR                 	1.258467565	3	5	0.335	42
KLR                 	1.273467565	3	5	0.34	43
KLR                 	1.288467565	3	5	0.345	44
KLR                 	1.303467565	3	5	0.35	45
KLR                 	1.318467565	3	5	0.355	46
KLR                 	1.333467565	3	5	0.36	47
KLR                 	1.348467565	3	5	0.365	48
KLR                 	1.363467565	3	5	0.37	49
KLR                 	1.378467565	3	5	0.375	50
KLR                 	1.393467565	3	5	0.38	51
KLR                 	1.408467565	3	5	0.385	52
KLR                 	1.423467565	3	5	0.39	53
KLR                 	1.438467565	3	5	0.395	54
D                   	1.448387097	1	5	0.4	1
--------------
