[{'A': 0, 'B': 3, 'C': 4, 'D': 37, 'E': 0, 'F': 8, 'G': 25, 'H': 1, 'I': 2, 'J': 2, 'K': 0, 'L': 24, 'M': 12, 'N': 0, 'O': 26, 'P': 14, 'Q': 8, 'R': 1, 'S': 32, 'T': 17}]
BCDEFGHIJKLMNOPQRST 	0.0       	19	16	0	1
BCDFGHIJLMOPQRST    	1.6       	16	16	0.1	1
BCDFGLMOPQST        	3.165562327	12	16	0.2	1
BDFGLMOPQST         	4.339418292	11	16	0.3	1
CDOS                	5.028823165	4	16	0.4	1
CD                  	5.29017504	2	16	0.5	1
CD                  	5.49017504	2	16	0.6	2
CD                  	5.69017504	2	16	0.7	3
CD                  	5.89017504	2	16	0.8	4
CD                  	6.09017504	2	16	0.9	5
CD                  	6.29017504	2	16	1.0	6
CD                  	6.49017504	2	16	1.1	7
CD                  	6.69017504	2	16	1.2	8
CD                  	6.89017504	2	16	1.3	9
CD                  	7.09017504	2	16	1.4	10
CD                  	7.29017504	2	16	1.5	11
CD                  	7.49017504	2	16	1.6	12
CD                  	7.69017504	2	16	1.7	13
CD                  	7.89017504	2	16	1.8	14
CD                  	8.09017504	2	16	1.9	15
CD                  	8.29017504	2	16	2.0	16
CD                  	8.49017504	2	16	2.1	17
CD                  	8.69017504	2	16	2.2	18
CD                  	8.89017504	2	16	2.3	19
CD                  	9.09017504	2	16	2.4	20
CD                  	9.29017504	2	16	2.5	21
CD                  	9.49017504	2	16	2.6	22
CD                  	9.69017504	2	16	2.7	23
CD                  	9.89017504	2	16	2.8	24
CD                  	10.09017504	2	16	2.9	25
CD                  	10.29017504	2	16	3.0	26
CD                  	10.49017504	2	16	3.1	27
CD                  	10.69017504	2	16	3.2	28
CD                  	10.89017504	2	16	3.3	29
CD                  	11.09017504	2	16	3.4	30
CD                  	11.29017504	2	16	3.5	31
CD                  	11.49017504	2	16	3.6	32
CD                  	11.69017504	2	16	3.7	33
CD                  	11.89017504	2	16	3.8	34
CD                  	12.09017504	2	16	3.9	35
CD                  	12.29017504	2	16	4.0	36
CD                  	12.49017504	2	16	4.1	37
CD                  	12.69017504	2	16	4.2	38
CD                  	12.89017504	2	16	4.3	39
CD                  	13.09017504	2	16	4.4	40
CD                  	13.29017504	2	16	4.5	41
CD                  	13.49017504	2	16	4.6	42
CD                  	13.69017504	2	16	4.7	43
CD                  	13.89017504	2	16	4.8	44
CD                  	14.09017504	2	16	4.9	45
CD                  	14.29017504	2	16	5.0	46
CD                  	14.49017504	2	16	5.1	47
CD                  	14.69017504	2	16	5.2	48
CD                  	14.89017504	2	16	5.3	49
CD                  	15.09017504	2	16	5.4	50
CD                  	15.29017504	2	16	5.5	51
CD                  	15.49017504	2	16	5.6	52
CD                  	15.69017504	2	16	5.7	53
CD                  	15.89017504	2	16	5.8	54
CD                  	16.09017504	2	16	5.9	55
CD                  	16.29017504	2	16	6.0	56
CD                  	16.49017504	2	16	6.1	57
CD                  	16.69017504	2	16	6.2	58
CD                  	16.89017504	2	16	6.3	59
J                   	17.052777778	1	16	6.4	1
--------------
