[{'A': 1, 'B': 3, 'C': 2, 'D': 0, 'E': 0, 'F': 0, 'G': 0, 'H': 9, 'I': 3, 'J': 1, 'K': 0, 'L': 2, 'M': 0, 'N': 0, 'O': 0, 'P': 0, 'Q': 1, 'R': 0, 'S': 0, 'T': 0}]
ABCDFGHIJLMOPQRS    	0.0       	16	8	0	1
ABCHIJLQ            	0.08      	8	8	0.01	1
ABCHIJLQ            	0.16      	8	8	0.02	2
ABCHIJLQ            	0.24      	8	8	0.03	3
ABCHIJLQ            	0.32      	8	8	0.04	4
ABCHIJLQ            	0.4       	8	8	0.05	5
ABCHIJLQ            	0.48      	8	8	0.06	6
ABCHIJLQ            	0.56      	8	8	0.07	7
ABCHIJLQ            	0.64      	8	8	0.08	8
ABCHIJLQ            	0.72      	8	8	0.09	9
ABCHIJLQ            	0.8       	8	8	0.1	10
ABCHIJLQ            	0.88      	8	8	0.11	11
ABCHIJLQ            	0.96      	8	8	0.12	12
ABCHIJLQ            	1.04      	8	8	0.13	13
ABCHIJLQ            	1.12      	8	8	0.14	14
ABCHIJLQ            	1.2       	8	8	0.15	15
ABCHIJLQ            	1.28      	8	8	0.16	16
ABCHIJLQ            	1.36      	8	8	0.17	17
ABCHIJLQ            	1.44      	8	8	0.18	18
ABCHIJLQ            	1.52      	8	8	0.19	19
ABCHIJLQ            	1.6       	8	8	0.2	20
ABCHIJLQ            	1.68      	8	8	0.21	21
ABCHIJLQ            	1.76      	8	8	0.22	22
ABCHIJLQ            	1.84      	8	8	0.23	23
ABCHIJLQ            	1.92      	8	8	0.24	24
ABCHIJLQ            	2.0       	8	8	0.25	25
ABCHIJLQ            	2.08      	8	8	0.26	26
ABCHIJLQ            	2.16      	8	8	0.27	27
ABCHIJLQ            	2.24      	8	8	0.28	28
ABCHIJLQ            	2.32      	8	8	0.29	29
ABCHIJLQ            	2.4       	8	8	0.3	30
ABCHIJLQ            	2.48      	8	8	0.31	31
ABCHIJLQ            	2.56      	8	8	0.32	32
ABCHIJLQ            	2.64      	8	8	0.33	33
ABCHIJLQ            	2.72      	8	8	0.34	34
ABCHIJLQ            	2.8       	8	8	0.35	35
ABCHIJLQ            	2.88      	8	8	0.36	36
ABCHIJLQ            	2.96      	8	8	0.37	37
ABCHIJLQ            	3.04      	8	8	0.38	38
ABCHIJLQ            	3.12      	8	8	0.39	39
ABCHIJLQ            	3.2       	8	8	0.4	40
BHL                 	3.230089513	3	8	0.41	1
BHL                 	3.260089513	3	8	0.42	2
BHL                 	3.290089513	3	8	0.43	3
BHL                 	3.320089513	3	8	0.44	4
BHL                 	3.350089513	3	8	0.45	5
BHL                 	3.380089513	3	8	0.46	6
BHL                 	3.410089513	3	8	0.47	7
BHL                 	3.440089513	3	8	0.48	8
BHL                 	3.470089513	3	8	0.49	9
BHL                 	3.500089513	3	8	0.5	10
BHL                 	3.530089513	3	8	0.51	11
BHL                 	3.560089513	3	8	0.52	12
BHL                 	3.590089513	3	8	0.53	13
BHL                 	3.620089513	3	8	0.54	14
BHL                 	3.650089513	3	8	0.55	15
BHL                 	3.680089513	3	8	0.56	16
BHL                 	3.710089513	3	8	0.57	17
BHL                 	3.740089513	3	8	0.58	18
BHL                 	3.770089513	3	8	0.59	19
BHL                 	3.800089513	3	8	0.6	20
BHL                 	3.830089513	3	8	0.61	21
BHL                 	3.860089513	3	8	0.62	22
BHL                 	3.890089513	3	8	0.63	23
BHL                 	3.920089513	3	8	0.64	24
BHL                 	3.950089513	3	8	0.65	25
BHL                 	3.980089513	3	8	0.66	26
BHL                 	4.010089513	3	8	0.67	27
BHL                 	4.040089513	3	8	0.68	28
BHL                 	4.070089513	3	8	0.69	29
BHL                 	4.100089513	3	8	0.7	30
BHL                 	4.130089513	3	8	0.71	31
BHL                 	4.160089513	3	8	0.72	32
BHL                 	4.190089513	3	8	0.73	33
BHL                 	4.220089513	3	8	0.74	34
BHL                 	4.250089513	3	8	0.75	35
BHL                 	4.280089513	3	8	0.76	36
BHL                 	4.310089513	3	8	0.77	37
BHL                 	4.340089513	3	8	0.78	38
BHL                 	4.370089513	3	8	0.79	39
BHL                 	4.400089513	3	8	0.8	40
BHL                 	4.430089513	3	8	0.81	41
BHL                 	4.460089513	3	8	0.82	42
BHL                 	4.490089513	3	8	0.83	43
BHL                 	4.520089513	3	8	0.84	44
BHL                 	4.550089513	3	8	0.85	45
BHL                 	4.580089513	3	8	0.86	46
BHL                 	4.610089513	3	8	0.87	47
BHL                 	4.640089513	3	8	0.88	48
BHL                 	4.670089513	3	8	0.89	49
BHL                 	4.700089513	3	8	0.9	50
BHL                 	4.730089513	3	8	0.91	51
BHL                 	4.760089513	3	8	0.92	52
BHL                 	4.790089513	3	8	0.93	53
BHL                 	4.820089513	3	8	0.94	54
BHL                 	4.850089513	3	8	0.95	55
BHL                 	4.880089513	3	8	0.96	56
BHL                 	4.910089513	3	8	0.97	57
BHL                 	4.940089513	3	8	0.98	58
BHL                 	4.970089513	3	8	0.99	59
BHL                 	5.000089513	3	8	1.0	60
BHL                 	5.030089513	3	8	1.01	61
BHL                 	5.060089513	3	8	1.02	62
BHL                 	5.090089513	3	8	1.03	63
BHL                 	5.120089513	3	8	1.04	64
BHL                 	5.150089513	3	8	1.05	65
BHL                 	5.180089513	3	8	1.06	66
BHL                 	5.210089513	3	8	1.07	67
BHL                 	5.240089513	3	8	1.08	68
BHL                 	5.270089513	3	8	1.09	69
BHL                 	5.300089513	3	8	1.1	70
BHL                 	5.330089513	3	8	1.11	71
BHL                 	5.360089513	3	8	1.12	72
BHL                 	5.390089513	3	8	1.13	73
BHL                 	5.420089513	3	8	1.14	74
BHL                 	5.450089513	3	8	1.15	75
BHL                 	5.480089513	3	8	1.16	76
BHL                 	5.510089513	3	8	1.17	77
BHL                 	5.540089513	3	8	1.18	78
BHL                 	5.570089513	3	8	1.19	79
BHL                 	5.600089513	3	8	1.2	80
BHL                 	5.630089513	3	8	1.21	81
BHL                 	5.660089513	3	8	1.22	82
BHL                 	5.690089513	3	8	1.23	83
BHL                 	5.720089513	3	8	1.24	84
BHL                 	5.750089513	3	8	1.25	85
BHL                 	5.780089513	3	8	1.26	86
BHL                 	5.810089513	3	8	1.27	87
BHL                 	5.840089513	3	8	1.28	88
BHL                 	5.870089513	3	8	1.29	89
BHL                 	5.900089513	3	8	1.3	90
BHL                 	5.930089513	3	8	1.31	91
BHL                 	5.960089513	3	8	1.32	92
BHL                 	5.990089513	3	8	1.33	93
BHL                 	6.020089513	3	8	1.34	94
BHL                 	6.050089513	3	8	1.35	95
BHL                 	6.080089513	3	8	1.36	96
BHL                 	6.110089513	3	8	1.37	97
BHL                 	6.140089513	3	8	1.38	98
BHL                 	6.170089513	3	8	1.39	99
BHL                 	6.200089513	3	8	1.4	100
BHL                 	6.230089513	3	8	1.41	101
BHL                 	6.260089513	3	8	1.42	102
BHL                 	6.290089513	3	8	1.43	103
BHL                 	6.320089513	3	8	1.44	104
BHL                 	6.350089513	3	8	1.45	105
BHL                 	6.380089513	3	8	1.46	106
BHL                 	6.410089513	3	8	1.47	107
BHL                 	6.440089513	3	8	1.48	108
BHL                 	6.470089513	3	8	1.49	109
BHL                 	6.500089513	3	8	1.5	110
BHL                 	6.530089513	3	8	1.51	111
BHL                 	6.560089513	3	8	1.52	112
BHL                 	6.590089513	3	8	1.53	113
BHL                 	6.620089513	3	8	1.54	114
BHL                 	6.650089513	3	8	1.55	115
BHL                 	6.680089513	3	8	1.56	116
BHL                 	6.710089513	3	8	1.57	117
BHL                 	6.740089513	3	8	1.58	118
BHL                 	6.770089513	3	8	1.59	119
BHL                 	6.800089513	3	8	1.6	120
BHL                 	6.830089513	3	8	1.61	121
BHL                 	6.860089513	3	8	1.62	122
BHL                 	6.890089513	3	8	1.63	123
BHL                 	6.920089513	3	8	1.64	124
BHL                 	6.950089513	3	8	1.65	125
BHL                 	6.980089513	3	8	1.66	126
BHL                 	7.010089513	3	8	1.67	127
BHL                 	7.040089513	3	8	1.68	128
BHL                 	7.070089513	3	8	1.69	129
BHL                 	7.100089513	3	8	1.7	130
BHL                 	7.130089513	3	8	1.71	131
BHL                 	7.160089513	3	8	1.72	132
BHL                 	7.190089513	3	8	1.73	133
BHL                 	7.220089513	3	8	1.74	134
BHL                 	7.250089513	3	8	1.75	135
BHL                 	7.280089513	3	8	1.76	136
BHL                 	7.310089513	3	8	1.77	137
BHL                 	7.340089513	3	8	1.78	138
BHL                 	7.370089513	3	8	1.79	139
BHL                 	7.400089513	3	8	1.8	140
BHL                 	7.430089513	3	8	1.81	141
BHL                 	7.460089513	3	8	1.82	142
BHL                 	7.490089513	3	8	1.83	143
BHL                 	7.520089513	3	8	1.84	144
BHL                 	7.550089513	3	8	1.85	145
BHL                 	7.580089513	3	8	1.86	146
BHL                 	7.610089513	3	8	1.87	147
BHL                 	7.640089513	3	8	1.88	148
BHL                 	7.670089513	3	8	1.89	149
BHL                 	7.700089513	3	8	1.9	150
BHL                 	7.730089513	3	8	1.91	151
BHL                 	7.760089513	3	8	1.92	152
BHL                 	7.790089513	3	8	1.93	153
BHL                 	7.820089513	3	8	1.94	154
BHL                 	7.850089513	3	8	1.95	155
BHL                 	7.880089513	3	8	1.96	156
BHL                 	7.910089513	3	8	1.97	157
BHL                 	7.940089513	3	8	1.98	158
BHL                 	7.970089513	3	8	1.99	159
BHL                 	8.000089513	3	8	2.0	160
BHL                 	8.030089513	3	8	2.01	161
BHL                 	8.060089513	3	8	2.02	162
BHL                 	8.090089513	3	8	2.03	163
BHL                 	8.120089513	3	8	2.04	164
BHL                 	8.150089513	3	8	2.05	165
BHL                 	8.180089513	3	8	2.06	166
BHL                 	8.210089513	3	8	2.07	167
BHL                 	8.240089513	3	8	2.08	168
BHL                 	8.270089513	3	8	2.09	169
BHL                 	8.300089513	3	8	2.1	170
BHL                 	8.330089513	3	8	2.11	171
BHL                 	8.360089513	3	8	2.12	172
BHL                 	8.390089513	3	8	2.13	173
BHL                 	8.420089513	3	8	2.14	174
BHL                 	8.450089513	3	8	2.15	175
BHL                 	8.480089513	3	8	2.16	176
BHL                 	8.510089513	3	8	2.17	177
BHL                 	8.540089513	3	8	2.18	178
BHL                 	8.570089513	3	8	2.19	179
BHL                 	8.600089513	3	8	2.2	180
BHL                 	8.630089513	3	8	2.21	181
BHL                 	8.660089513	3	8	2.22	182
BHL                 	8.690089513	3	8	2.23	183
BHL                 	8.720089513	3	8	2.24	184
BHL                 	8.750089513	3	8	2.25	185
BHL                 	8.780089513	3	8	2.26	186
BHL                 	8.810089513	3	8	2.27	187
BHL                 	8.840089513	3	8	2.28	188
BHL                 	8.870089513	3	8	2.29	189
BHL                 	8.900089513	3	8	2.3	190
BHL                 	8.930089513	3	8	2.31	191
BHL                 	8.960089513	3	8	2.32	192
BHL                 	8.990089513	3	8	2.33	193
BHL                 	9.020089513	3	8	2.34	194
BHL                 	9.050089513	3	8	2.35	195
BHL                 	9.080089513	3	8	2.36	196
BHL                 	9.110089513	3	8	2.37	197
BHL                 	9.140089513	3	8	2.38	198
BHL                 	9.170089513	3	8	2.39	199
BHL                 	9.200089513	3	8	2.4	200
BHL                 	9.230089513	3	8	2.41	201
BHL                 	9.260089513	3	8	2.42	202
BHL                 	9.290089513	3	8	2.43	203
BHL                 	9.320089513	3	8	2.44	204
BHL                 	9.350089513	3	8	2.45	205
BHL                 	9.380089513	3	8	2.46	206
BHL                 	9.410089513	3	8	2.47	207
BHL                 	9.440089513	3	8	2.48	208
BHL                 	9.470089513	3	8	2.49	209
BHL                 	9.500089513	3	8	2.5	210
BHL                 	9.530089513	3	8	2.51	211
BHL                 	9.560089513	3	8	2.52	212
BHL                 	9.590089513	3	8	2.53	213
BHL                 	9.620089513	3	8	2.54	214
BHL                 	9.650089513	3	8	2.55	215
BHL                 	9.680089513	3	8	2.56	216
BHL                 	9.710089513	3	8	2.57	217
BHL                 	9.740089513	3	8	2.58	218
BHL                 	9.770089513	3	8	2.59	219
BHL                 	9.800089513	3	8	2.6	220
BHL                 	9.830089513	3	8	2.61	221
BHL                 	9.860089513	3	8	2.62	222
BHL                 	9.890089513	3	8	2.63	223
BHL                 	9.920089513	3	8	2.64	224
BHL                 	9.950089513	3	8	2.65	225
BHL                 	9.980089513	3	8	2.66	226
BHL                 	10.010089513	3	8	2.67	227
BHL                 	10.040089513	3	8	2.68	228
BHL                 	10.070089513	3	8	2.69	229
BHL                 	10.100089513	3	8	2.7	230
BHL                 	10.130089513	3	8	2.71	231
BHL                 	10.160089513	3	8	2.72	232
BHL                 	10.190089513	3	8	2.73	233
BHL                 	10.220089513	3	8	2.74	234
BHL                 	10.250089513	3	8	2.75	235
BHL                 	10.280089513	3	8	2.76	236
BHL                 	10.310089513	3	8	2.77	237
BHL                 	10.340089513	3	8	2.78	238
BHL                 	10.370089513	3	8	2.79	239
BHL                 	10.400089513	3	8	2.8	240
BHL                 	10.430089513	3	8	2.81	241
BHL                 	10.460089513	3	8	2.82	242
BHL                 	10.490089513	3	8	2.83	243
BHL                 	10.520089513	3	8	2.84	244
BHL                 	10.550089513	3	8	2.85	245
BHL                 	10.580089513	3	8	2.86	246
BHL                 	10.610089513	3	8	2.87	247
BHL                 	10.640089513	3	8	2.88	248
BHL                 	10.670089513	3	8	2.89	249
BHL                 	10.700089513	3	8	2.9	250
BHL                 	10.730089513	3	8	2.91	251
BHL                 	10.760089513	3	8	2.92	252
BHL                 	10.790089513	3	8	2.93	253
BHL                 	10.820089513	3	8	2.94	254
BHL                 	10.850089513	3	8	2.95	255
BHL                 	10.880089513	3	8	2.96	256
BHL                 	10.910089513	3	8	2.97	257
BHL                 	10.940089513	3	8	2.98	258
BHL                 	10.970089513	3	8	2.99	259
BHL                 	11.000089513	3	8	3.0	260
BHL                 	11.030089513	3	8	3.01	261
BHL                 	11.060089513	3	8	3.02	262
BHL                 	11.090089513	3	8	3.03	263
BHL                 	11.120089513	3	8	3.04	264
BHL                 	11.150089513	3	8	3.05	265
BHL                 	11.180089513	3	8	3.06	266
BHL                 	11.210089513	3	8	3.07	267
BHL                 	11.240089513	3	8	3.08	268
BHL                 	11.270089513	3	8	3.09	269
BHL                 	11.300089513	3	8	3.1	270
BHL                 	11.330089513	3	8	3.11	271
BHL                 	11.360089513	3	8	3.12	272
BHL                 	11.390089513	3	8	3.13	273
BHL                 	11.420089513	3	8	3.14	274
BHL                 	11.450089513	3	8	3.15	275
BHL                 	11.480089513	3	8	3.16	276
BHL                 	11.510089513	3	8	3.17	277
BHL                 	11.540089513	3	8	3.18	278
BHL                 	11.570089513	3	8	3.19	279
BHL                 	11.600089513	3	8	3.2	280
BHL                 	11.630089513	3	8	3.21	281
BHL                 	11.660089513	3	8	3.22	282
BHL                 	11.690089513	3	8	3.23	283
BHL                 	11.720089513	3	8	3.24	284
BHL                 	11.750089513	3	8	3.25	285
BHL                 	11.780089513	3	8	3.26	286
BHL                 	11.810089513	3	8	3.27	287
BHL                 	11.840089513	3	8	3.28	288
BHL                 	11.870089513	3	8	3.29	289
BHL                 	11.900089513	3	8	3.3	290
BHL                 	11.930089513	3	8	3.31	291
C                   	11.956363636	1	8	3.32	1
--------------
