[{'A': 0, 'B': 0, 'C': 12, 'D': 9, 'E': 13, 'F': 1, 'G': 0, 'H': 5, 'I': 0, 'J': 0, 'K': 3, 'L': 22, 'M': 3, 'N': 0, 'O': 3, 'P': 0, 'Q': 9, 'R': 10, 'S': 23, 'T': 0}]
CDEFHKLMOQRS        	0.0       	12	12	0.0	1
CDEFHKLMOQRS        	1.2       	12	12	0.1	2
CDEHKLMOQRS         	2.398685266	11	12	0.2	1
CDEHKLMOQRS         	3.498685266	11	12	0.3	2
CDEHLMQRS           	4.52939137	9	12	0.4	1
PR                  	5.318912745	2	12	0.5	1
PR                  	5.518912745	2	12	0.6	2
PR                  	5.718912745	2	12	0.7	3
PR                  	5.918912745	2	12	0.8	4
PR                  	6.118912745	2	12	0.9	5
PR                  	6.318912745	2	12	1.0	6
PR                  	6.518912745	2	12	1.1	7
PR                  	6.718912745	2	12	1.2	8
PR                  	6.918912745	2	12	1.3	9
PR                  	7.118912745	2	12	1.4	10
PR                  	7.318912745	2	12	1.5	11
PR                  	7.518912745	2	12	1.6	12
PR                  	7.718912745	2	12	1.7	13
PR                  	7.918912745	2	12	1.8	14
PR                  	8.118912745	2	12	1.9	15
PR                  	8.318912745	2	12	2.0	16
PR                  	8.518912745	2	12	2.1	17
PR                  	8.718912745	2	12	2.2	18
PR                  	8.918912745	2	12	2.3	19
PR                  	9.118912745	2	12	2.4	20
PR                  	9.318912745	2	12	2.5	21
PR                  	9.518912745	2	12	2.6	22
PR                  	9.718912745	2	12	2.7	23
PR                  	9.918912745	2	12	2.8	24
PR                  	10.118912745	2	12	2.9	25
PR                  	10.318912745	2	12	3.0	26
PR                  	10.518912745	2	12	3.1	27
PR                  	10.718912745	2	12	3.2	28
PR                  	10.918912745	2	12	3.3	29
PR                  	11.118912745	2	12	3.4	30
PR                  	11.318912745	2	12	3.5	31
PR                  	11.518912745	2	12	3.6	32
PR                  	11.718912745	2	12	3.7	33
PR                  	11.918912745	2	12	3.8	34
PR                  	12.118912745	2	12	3.9	35
PR                  	12.318912745	2	12	4.0	36
PR                  	12.518912745	2	12	4.1	37
PR                  	12.718912745	2	12	4.2	38
PR                  	12.918912745	2	12	4.3	39
PR                  	13.118912745	2	12	4.4	40
PR                  	13.318912745	2	12	4.5	41
PR                  	13.518912745	2	12	4.6	42
PR                  	13.718912745	2	12	4.7	43
PR                  	13.918912745	2	12	4.8	44
PR                  	14.118912745	2	12	4.9	45
PR                  	14.318912745	2	12	5.0	46
PR                  	14.518912745	2	12	5.1	47
PR                  	14.718912745	2	12	5.2	48
PR                  	14.918912745	2	12	5.3	49
E                   	15.072566372	1	12	5.4	1
--------------
