[{'A': 0, 'B': 0, 'C': 0, 'D': 3, 'E': 0, 'F': 0, 'G': 0, 'H': 0, 'I': 0, 'J': 0, 'K': 32, 'L': 16, 'M': 0, 'N': 0, 'O': 0, 'P': 0, 'Q': 0, 'R': 9, 'S': 2, 'T': 0}]
BCDEFGHIJKLMNOPQRST 	0.0       	19	5	0	1
DKLRS               	0.025     	5	5	0.005	1
DKLRS               	0.05      	5	5	0.01	2
DKLRS               	0.075     	5	5	0.015	3
DKLRS               	0.1       	5	5	0.02	4
DKLRS               	0.125     	5	5	0.025	5
DKLRS               	0.15      	5	5	0.03	6
DKLRS               	0.175     	5	5	0.035	7
DKLRS               	0.2       	5	5	0.04	8
DKLRS               	0.225     	5	5	0.045	9
DKLRS               	0.25      	5	5	0.05	10
DKLRS               	0.275     	5	5	0.055	11
DKLRS               	0.3       	5	5	0.06	12
DKLRS               	0.325     	5	5	0.065	13
DKLRS               	0.35      	5	5	0.07	14
DKLRS               	0.375     	5	5	0.075	15
DKLRS               	0.4       	5	5	0.08	16
DKLRS               	0.425     	5	5	0.085	17
DKLRS               	0.45      	5	5	0.09	18
DKLRS               	0.475     	5	5	0.095	19
DKLRS               	0.5       	5	5	0.1	20
DKLRS               	0.525     	5	5	0.105	21
DKLRS               	0.55      	5	5	0.11	22
DKLRS               	0.575     	5	5	0.115	23
DKLRS               	0.6       	5	5	0.12	24
DKLRS               	0.625     	5	5	0.125	25
DKLRS               	0.65      	5	5	0.13	26
DKLRS               	0.675     	5	5	0.135	27
DKLRS               	0.7       	5	5	0.14	28
DKLRS               	0.725     	5	5	0.145	29
KLRS                	0.745436666	4	5	0.15	1
KLRS                	0.765436666	4	5	0.155	2
KLRS                	0.785436666	4	5	0.16	3
KLRS                	0.805436666	4	5	0.165	4
KLRS                	0.825436666	4	5	0.17	5
KLRS                	0.845436666	4	5	0.175	6
KLRS                	0.865436666	4	5	0.18	7
KLRS                	0.885436666	4	5	0.185	8
KLRS                	0.905436666	4	5	0.19	9
KLRS                	0.925436666	4	5	0.195	10
KLRS                	0.945436666	4	5	0.2	11
KLRS                	0.965436666	4	5	0.205	12
KLRS                	0.985436666	4	5	0.21	13
KLRS                	1.005436666	4	5	0.215	14
KLRS                	1.025436666	4	5	0.22	15
KLRS                	1.045436666	4	5	0.225	16
KLRS                	1.065436666	4	5	0.23	17
KLRS                	1.085436666	4	5	0.235	18
KLRS                	1.105436666	4	5	0.24	19
KLRS                	1.125436666	4	5	0.245	20
KLRS                	1.145436666	4	5	0.25	21
KLRS                	1.165436666	4	5	0.255	22
KLRS                	1.185436666	4	5	0.26	23
KLR                 	1.202010233	3	5	0.265	1
KLR                 	1.217010233	3	5	0.27	2
KLR                 	1.232010233	3	5	0.275	3
KLR                 	1.247010233	3	5	0.28	4
KLR                 	1.262010233	3	5	0.285	5
KLR                 	1.277010233	3	5	0.29	6
KLR                 	1.292010233	3	5	0.295	7
KLR                 	1.307010233	3	5	0.3	8
KLR                 	1.322010233	3	5	0.305	9
KLR                 	1.337010233	3	5	0.31	10
KLR                 	1.352010233	3	5	0.315	11
KLR                 	1.367010233	3	5	0.32	12
KLR                 	1.382010233	3	5	0.325	13
KLR                 	1.397010233	3	5	0.33	14
KLR                 	1.412010233	3	5	0.335	15
KLR                 	1.427010233	3	5	0.34	16
KLR                 	1.442010233	3	5	0.345	17
KLR                 	1.457010233	3	5	0.35	18
KLR                 	1.472010233	3	5	0.355	19
KLR                 	1.487010233	3	5	0.36	20
KLR                 	1.502010233	3	5	0.365	21
KLR                 	1.517010233	3	5	0.37	22
KLR                 	1.532010233	3	5	0.375	23
KLR                 	1.547010233	3	5	0.38	24
KLR                 	1.562010233	3	5	0.385	25
KLR                 	1.577010233	3	5	0.39	26
KLR                 	1.592010233	3	5	0.395	27
KLR                 	1.607010233	3	5	0.4	28
KLR                 	1.622010233	3	5	0.405	29
KLR                 	1.637010233	3	5	0.41	30
KLR                 	1.652010233	3	5	0.415	31
KLR                 	1.667010233	3	5	0.42	32
KLR                 	1.682010233	3	5	0.425	33
KLR                 	1.697010233	3	5	0.43	34
KLR                 	1.712010233	3	5	0.435	35
KLR                 	1.727010233	3	5	0.44	36
KLR                 	1.742010233	3	5	0.445	37
KLR                 	1.757010233	3	5	0.45	38
KLR                 	1.772010233	3	5	0.455	39
KLR                 	1.787010233	3	5	0.46	40
KLR                 	1.802010233	3	5	0.465	41
KLR                 	1.817010233	3	5	0.47	42
KLR                 	1.832010233	3	5	0.475	43
KLR                 	1.847010233	3	5	0.48	44
KLR                 	1.862010233	3	5	0.485	45
KLR                 	1.877010233	3	5	0.49	46
KLR                 	1.892010233	3	5	0.495	47
KLR                 	1.907010233	3	5	0.5	48
KLR                 	1.922010233	3	5	0.505	49
KLR                 	1.937010233	3	5	0.51	50
KLR                 	1.952010233	3	5	0.515	51
KLR                 	1.967010233	3	5	0.52	52
KLR                 	1.982010233	3	5	0.525	53
KLR                 	1.997010233	3	5	0.53	54
KLR                 	2.012010233	3	5	0.535	55
KLR                 	2.027010233	3	5	0.54	56
KLR                 	2.042010233	3	5	0.545	57
IK                  	2.053873794	2	5	0.55	1
IK                  	2.063873794	2	5	0.555	2
IK                  	2.073873794	2	5	0.56	3
IK                  	2.083873794	2	5	0.565	4
IK                  	2.093873794	2	5	0.57	5
IK                  	2.103873794	2	5	0.575	6
IK                  	2.113873794	2	5	0.58	7
IK                  	2.123873794	2	5	0.585	8
IK                  	2.133873794	2	5	0.59	9
IK                  	2.143873794	2	5	0.595	10
IK                  	2.153873794	2	5	0.6	11
IK                  	2.163873794	2	5	0.605	12
IK                  	2.173873794	2	5	0.61	13
IK                  	2.183873794	2	5	0.615	14
IK                  	2.193873794	2	5	0.62	15
IK                  	2.203873794	2	5	0.625	16
IK                  	2.213873794	2	5	0.63	17
IK                  	2.223873794	2	5	0.635	18
IK                  	2.233873794	2	5	0.64	19
IK                  	2.243873794	2	5	0.645	20
IK                  	2.253873794	2	5	0.65	21
IK                  	2.263873794	2	5	0.655	22
IK                  	2.273873794	2	5	0.66	23
IK                  	2.283873794	2	5	0.665	24
IK                  	2.293873794	2	5	0.67	25
IK                  	2.303873794	2	5	0.675	26
IK                  	2.313873794	2	5	0.68	27
IK                  	2.323873794	2	5	0.685	28
IK                  	2.333873794	2	5	0.69	29
IK                  	2.343873794	2	5	0.695	30
IK                  	2.353873794	2	5	0.7	31
IK                  	2.363873794	2	5	0.705	32
IK                  	2.373873794	2	5	0.71	33
IK                  	2.383873794	2	5	0.715	34
IK                  	2.393873794	2	5	0.72	35
IK                  	2.403873794	2	5	0.725	36
IK                  	2.413873794	2	5	0.73	37
IK                  	2.423873794	2	5	0.735	38
IK                  	2.433873794	2	5	0.74	39
IK                  	2.443873794	2	5	0.745	40
IK                  	2.453873794	2	5	0.75	41
IK                  	2.463873794	2	5	0.755	42
IK                  	2.473873794	2	5	0.76	43
IK                  	2.483873794	2	5	0.765	44
IK                  	2.493873794	2	5	0.77	45
IK                  	2.503873794	2	5	0.775	46
IK                  	2.513873794	2	5	0.78	47
IK                  	2.523873794	2	5	0.785	48
IK                  	2.533873794	2	5	0.79	49
IK                  	2.543873794	2	5	0.795	50
IK                  	2.553873794	2	5	0.8	51
IK                  	2.563873794	2	5	0.805	52
IK                  	2.573873794	2	5	0.81	53
IK                  	2.583873794	2	5	0.815	54
IK                  	2.593873794	2	5	0.82	55
IK                  	2.603873794	2	5	0.825	56
IK                  	2.613873794	2	5	0.83	57
IK                  	2.623873794	2	5	0.835	58
IK                  	2.633873794	2	5	0.84	59
IK                  	2.643873794	2	5	0.845	60
IK                  	2.653873794	2	5	0.85	61
IK                  	2.663873794	2	5	0.855	62
IK                  	2.673873794	2	5	0.86	63
IK                  	2.683873794	2	5	0.865	64
IK                  	2.693873794	2	5	0.87	65
IK                  	2.703873794	2	5	0.875	66
IK                  	2.713873794	2	5	0.88	67
IK                  	2.723873794	2	5	0.885	68
IK                  	2.733873794	2	5	0.89	69
IK                  	2.743873794	2	5	0.895	70
IK                  	2.753873794	2	5	0.9	71
IK                  	2.763873794	2	5	0.905	72
IK                  	2.773873794	2	5	0.91	73
IK                  	2.783873794	2	5	0.915	74
IK                  	2.793873794	2	5	0.92	75
IK                  	2.803873794	2	5	0.925	76
IK                  	2.813873794	2	5	0.93	77
IK                  	2.823873794	2	5	0.935	78
IK                  	2.833873794	2	5	0.94	79
IK                  	2.843873794	2	5	0.945	80
IK                  	2.853873794	2	5	0.95	81
IK                  	2.863873794	2	5	0.955	82
IK                  	2.873873794	2	5	0.96	83
IK                  	2.883873794	2	5	0.965	84
P                   	2.889354839	1	5	0.97	1
--------------
