[{'A': 0, 'B': 0, 'C': 12, 'D': 9, 'E': 13, 'F': 1, 'G': 0, 'H': 5, 'I': 0, 'J': 0, 'K': 3, 'L': 22, 'M': 3, 'N': 0, 'O': 3, 'P': 0, 'Q': 9, 'R': 10, 'S': 23, 'T': 0}]
CDEFHKLMOQRS        	0.0                      	12	12	0.0	1
CDEFHKLMOQRS        	0.014818198              	12	12	0.001	2
CDEFHKLMOQRS        	0.029587091              	12	12	0.002	3
CDEFHKLMOQRS        	0.044306941              	12	12	0.003	4
CDEFHKLMOQRS        	0.058978012              	12	12	0.004	5
CDEFHKLMOQRS        	0.073600561              	12	12	0.005	6
CDEFHKLMOQRS        	0.088174848              	12	12	0.006	7
CDEFHKLMOQRS        	0.102701128              	12	12	0.007	8
CDEFHKLMOQRS        	0.117179655              	12	12	0.008	9
CDEFHKLMOQRS        	0.131610682              	12	12	0.009	10
CDEFHKLMOQRS        	0.145994459              	12	12	0.01	11
CDEFHKLMOQRS        	0.160331236              	12	12	0.011	12
CDEFHKLMOQRS        	0.17462126               	12	12	0.012	13
CDEFHKLMOQRS        	0.188864775              	12	12	0.013	14
CDEFHKLMOQRS        	0.203062026              	12	12	0.014	15
CDEFHKLMOQRS        	0.217213254              	12	12	0.015	16
CDEFHKLMOQRS        	0.231318701              	12	12	0.016	17
CDEFHKLMOQRS        	0.245378604              	12	12	0.017	18
CDEFHKLMOQRS        	0.259393201              	12	12	0.018	19
CDEFHKLMOQRS        	0.273362726              	12	12	0.019	20
CDEFHKLMOQRS        	0.287287415              	12	12	0.02	21
CDEFHKLMOQRS        	0.301167498              	12	12	0.021	22
CDEFHKLMOQRS        	0.315003206              	12	12	0.022	23
CDEFHKLMOQRS        	0.328794769              	12	12	0.023	24
CDEFHKLMOQRS        	0.342542413              	12	12	0.024	25
CDEFHKLMOQRS        	0.356246365              	12	12	0.025	26
CDEFHKLMOQRS        	0.369906848              	12	12	0.026	27
CDEFHKLMOQRS        	0.383524086              	12	12	0.027	28
CDEFHKLMOQRS        	0.397098299              	12	12	0.028	29
CDEFHKLMOQRS        	0.410629708              	12	12	0.029	30
CDEFHKLMOQRS        	0.424118529              	12	12	0.03	31
CDEFHKLMOQRS        	0.437564981              	12	12	0.031	32
CDEFHKLMOQRS        	0.450969279              	12	12	0.032	33
CDEFHKLMOQRS        	0.464331635              	12	12	0.033	34
CDEFHKLMOQRS        	0.477652264              	12	12	0.034	35
CDEFHKLMOQRS        	0.490931374              	12	12	0.035	36
CDEFHKLMOQRS        	0.504169177              	12	12	0.036	37
CDEFHKLMOQRS        	0.51736588               	12	12	0.037	38
CDEFHKLMOQRS        	0.530521689              	12	12	0.038	39
CDEFHKLMOQRS        	0.543636811              	12	12	0.039	40
CDEFHKLMOQRS        	0.556711449              	12	12	0.04	41
CDEFHKLMOQRS        	0.569745805              	12	12	0.041	42
CDEFHKLMOQRS        	0.582740081              	12	12	0.042	43
CDEFHKLMOQRS        	0.595694477              	12	12	0.043	44
CDEFHKLMOQRS        	0.608609191              	12	12	0.044	45
CDEFHKLMOQRS        	0.621484421              	12	12	0.045	46
CDEFHKLMOQRS        	0.634320363              	12	12	0.046	47
CDEHKLMOQRS         	0.645175803              	11	12	0.047	1
CDEHKLMOQRS         	0.655897772              	11	12	0.048	2
CDEHKLMOQRS         	0.666592873              	11	12	0.049	3
CDEHKLMOQRS         	0.677261218              	11	12	0.05	4
CDEHKLMOQRS         	0.687902917              	11	12	0.051	5
CDEHKLMOQRS         	0.69851808               	11	12	0.052	6
CDEHKLMOQRS         	0.709106817              	11	12	0.053	7
CDEHKLMOQRS         	0.719669236              	11	12	0.054	8
CDEHKLMOQRS         	0.730205445              	11	12	0.055	9
CDEHKLMOQRS         	0.740715553              	11	12	0.056	10
CDEHKLMOQRS         	0.751199666              	11	12	0.057	11
CDEHKLMOQRS         	0.76165789               	11	12	0.058	12
CDEHKLMOQRS         	0.772090332              	11	12	0.059	13
CDEHKLMOQRS         	0.782497096              	11	12	0.06	14
CDEHKLMOQRS         	0.792878288              	11	12	0.061	15
CDEHKLMOQRS         	0.803234011              	11	12	0.062	16
CDEHKLMOQRS         	0.81356437               	11	12	0.063	17
CDEHKLMOQRS         	0.823869466              	11	12	0.064	18
CDEHKLMOQRS         	0.834149404              	11	12	0.065	19
CDEHKLMOQRS         	0.844404283              	11	12	0.066	20
CDEHKLMOQRS         	0.854634207              	11	12	0.067	21
CDEHKLMOQRS         	0.864839275              	11	12	0.068	22
CDEHKLMOQRS         	0.875019588              	11	12	0.069	23
CDEHKLMOQRS         	0.885175246              	11	12	0.07	24
CDEHKLMOQRS         	0.895306348              	11	12	0.071	25
CDEHKLMOQRS         	0.905412992              	11	12	0.072	26
CDEHKLMOQRS         	0.915495277              	11	12	0.073	27
CDEHKLMOQRS         	0.9255533                	11	12	0.074	28
CDEHKLMOQRS         	0.935587158              	11	12	0.075	29
CDEHKLMOQRS         	0.945596948              	11	12	0.076	30
CDEHKLMOQRS         	0.955582767              	11	12	0.077	31
CDEHKLMOQRS         	0.965544708              	11	12	0.078	32
CDEHKLMOQRS         	0.975482868              	11	12	0.079	33
CDEHKLMOQRS         	0.985397342              	11	12	0.08	34
CDEHKLMOQRS         	0.995288222              	11	12	0.081	35
CDEHKLMOQRS         	1.005155603              	11	12	0.082	36
CDEHKLMOQRS         	1.014999578              	11	12	0.083	37
CDEHKLMOQRS         	1.024820239              	11	12	0.084	38
CDEHKLMOQRS         	1.034617678              	11	12	0.085	39
CDEHKLMOQRS         	1.044391987              	11	12	0.086	40
CDEHKLMOQRS         	1.054143257              	11	12	0.087	41
CDEHKLMOQRS         	1.063871579              	11	12	0.088	42
CDEHKLMOQRS         	1.073577043              	11	12	0.089	43
CDEHKLMOQRS         	1.083259737              	11	12	0.09	44
CDEHKLMOQRS         	1.092919753              	11	12	0.091	45
CDEHKLMOQRS         	1.102557178              	11	12	0.092	46
CDEHKLMOQRS         	1.112172101              	11	12	0.093	47
CDEHKLMOQRS         	1.121764609              	11	12	0.094	48
CDEHKLMOQRS         	1.131334789              	11	12	0.095	49
CDEHKLMOQRS         	1.14088273               	11	12	0.096	50
CDEHKLMOQRS         	1.150408517              	11	12	0.097	51
CDEHKLMOQRS         	1.159912236              	11	12	0.098	52
CDEHKLMOQRS         	1.169393973              	11	12	0.099	53
CDEHKLMOQRS         	1.178853813              	11	12	0.1	54
CDEHKLMOQRS         	1.18829184               	11	12	0.101	55
CDEHKLMOQRS         	1.19770814               	11	12	0.102	56
CDEHKLMOQRS         	1.207102795              	11	12	0.103	57
CDEHKLMOQRS         	1.216475889              	11	12	0.104	58
CDEHKLMOQRS         	1.225827505              	11	12	0.105	59
CDEHKLMOQRS         	1.235157726              	11	12	0.106	60
CDEHKLMOQRS         	1.244466633              	11	12	0.107	61
CDEHKLMOQRS         	1.253754309              	11	12	0.108	62
CDEHKLMOQRS         	1.263020834              	11	12	0.109	63
CDEHKLMOQRS         	1.27226629               	11	12	0.11	64
CDEHKLMOQRS         	1.281490757              	11	12	0.111	65
CDEHKLMOQRS         	1.290694314              	11	12	0.112	66
CDEHKLMOQRS         	1.299877043              	11	12	0.113	67
CDEHKLMOQRS         	1.309039021              	11	12	0.114	68
CDEHKLMOQRS         	1.318180328              	11	12	0.115	69
CDEHKLMOQRS         	1.327301042              	11	12	0.116	70
CDEHKLMOQRS         	1.336401241              	11	12	0.117	71
CDEHKLMOQRS         	1.345481003              	11	12	0.118	72
CDEHKLMOQRS         	1.354540405              	11	12	0.119	73
CDEHKLMOQRS         	1.363579524              	11	12	0.12	74
CDEHKLMOQRS         	1.372598437              	11	12	0.121	75
CDEHKLMOQRS         	1.381597218              	11	12	0.122	76
CDEHKLMOQRS         	1.390575945              	11	12	0.123	77
CDEHKLMOQRS         	1.399534693              	11	12	0.124	78
CDEHKLMOQRS         	1.408473536              	11	12	0.125	79
CDEHKLMOQRS         	1.417392549              	11	12	0.126	80
CDEHKLMOQRS         	1.426291806              	11	12	0.127	81
CDEHKLMOQRS         	1.435171381              	11	12	0.128	82
CDEHKLMOQRS         	1.444031348              	11	12	0.129	83
CDEHKLMOQRS         	1.452871779              	11	12	0.13	84
CDEHKLMOQRS         	1.461692748              	11	12	0.131	85
CDEHKLMOQRS         	1.470494327              	11	12	0.132	86
CDEHLOQRS           	1.477286538              	9	12	0.133	1
CDEHLOQRS           	1.483705876              	9	12	0.134	2
CDEHLOQRS           	1.49011548               	9	12	0.135	3
CDEHLOQRS           	1.496515377              	9	12	0.136	4
CDEHLOQRS           	1.502905592              	9	12	0.137	5
CDEHLOQRS           	1.509286153              	9	12	0.138	6
CDEHLOQRS           	1.515657083              	9	12	0.139	7
CDEHLOQRS           	1.52201841               	9	12	0.14	8
CDEHLOQRS           	1.52837016               	9	12	0.141	9
CDEHLOQRS           	1.534712357              	9	12	0.142	10
CDEHLOQRS           	1.541045027              	9	12	0.143	11
CDEHLOQRS           	1.547368196              	9	12	0.144	12
CDEHLOQRS           	1.553681889              	9	12	0.145	13
CDEHLOQRS           	1.559986132              	9	12	0.146	14
CDEHLOQRS           	1.566280949              	9	12	0.147	15
CDEHLOQRS           	1.572566366              	9	12	0.148	16
CDEHLOQRS           	1.578842408              	9	12	0.149	17
CDEHLOQRS           	1.585109099              	9	12	0.15	18
CDEHLOQRS           	1.591366465              	9	12	0.151	19
CDEHLOQRS           	1.59761453               	9	12	0.152	20
CDEHLOQRS           	1.603853319              	9	12	0.153	21
CDEHLOQRS           	1.610082857              	9	12	0.154	22
CDEHLOQRS           	1.616303167              	9	12	0.155	23
CDEHLOQRS           	1.622514275              	9	12	0.156	24
CDEHLOQRS           	1.628716204              	9	12	0.157	25
CDEHLOQRS           	1.63490898               	9	12	0.158	26
CDEHLOQRS           	1.641092625              	9	12	0.159	27
CDEHLOQRS           	1.647267164              	9	12	0.16	28
CDEHLOQRS           	1.653432622              	9	12	0.161	29
CDEHLOQRS           	1.659589021              	9	12	0.162	30
CDEHLOQRS           	1.665736386              	9	12	0.163	31
CDEHLOQRS           	1.671874741              	9	12	0.164	32
CDEHLOQRS           	1.678004109              	9	12	0.165	33
CDEHLOQRS           	1.684124513              	9	12	0.166	34
CDEHLOQRS           	1.690235978              	9	12	0.167	35
CDEHLOQRS           	1.696338526              	9	12	0.168	36
CDEHLOQRS           	1.702432181              	9	12	0.169	37
CDEHLOQRS           	1.708516966              	9	12	0.17	38
CDEHLOQRS           	1.714592904              	9	12	0.171	39
CDEHLOQRS           	1.720660019              	9	12	0.172	40
CDEHLOQRS           	1.726718333              	9	12	0.173	41
CDEHLOQRS           	1.732767869              	9	12	0.174	42
CDEHLOQRS           	1.73880865               	9	12	0.175	43
CDEHLOQRS           	1.744840698              	9	12	0.176	44
CDEHLOQRS           	1.750864038              	9	12	0.177	45
CDEHLOQRS           	1.75687869               	9	12	0.178	46
CDEHLOQRS           	1.762884678              	9	12	0.179	47
CDEHLOQRS           	1.768882024              	9	12	0.18	48
CDEHLOQRS           	1.77487075               	9	12	0.181	49
CDEHLOQRS           	1.780850878              	9	12	0.182	50
CDEHLOQRS           	1.786822432              	9	12	0.183	51
CDEHLOQRS           	1.792785433              	9	12	0.184	52
CDEHLOQRS           	1.798739902              	9	12	0.185	53
CDEHLOQRS           	1.804685863              	9	12	0.186	54
CDEHLOQRS           	1.810623336              	9	12	0.187	55
CDEHLOQRS           	1.816552344              	9	12	0.188	56
CDEHLOQRS           	1.822472909              	9	12	0.189	57
CDEHLOQRS           	1.828385052              	9	12	0.19	58
CDEHLOQRS           	1.834288794              	9	12	0.191	59
CDEHLOQRS           	1.840184158              	9	12	0.192	60
CDEHLOQRS           	1.846071165              	9	12	0.193	61
CDEHLOQRS           	1.851949835              	9	12	0.194	62
CDEHLOQRS           	1.857820191              	9	12	0.195	63
CDEHLOQRS           	1.863682254              	9	12	0.196	64
CDEHLOQRS           	1.869536045              	9	12	0.197	65
CDEHLOQRS           	1.875381584              	9	12	0.198	66
CDEHLOQRS           	1.881218894              	9	12	0.199	67
CDEHLOQRS           	1.887047994              	9	12	0.2	68
CDEHLOQRS           	1.892868906              	9	12	0.201	69
CDEHLOQRS           	1.898681651              	9	12	0.202	70
CDEHLOQRS           	1.904486249              	9	12	0.203	71
CDEHLOQRS           	1.910282721              	9	12	0.204	72
CDEHLOQRS           	1.916071087              	9	12	0.205	73
CDEHLOQRS           	1.921851369              	9	12	0.206	74
CDEHLOQRS           	1.927623586              	9	12	0.207	75
CDEHLOQRS           	1.933387759              	9	12	0.208	76
CDEHLOQRS           	1.939143909              	9	12	0.209	77
CDEHLOQRS           	1.944892055              	9	12	0.21	78
CDEHLOQRS           	1.950632218              	9	12	0.211	79
CDEHLOQRS           	1.956364417              	9	12	0.212	80
CDEHLOQRS           	1.962088674              	9	12	0.213	81
CDEHLOQRS           	1.967805007              	9	12	0.214	82
CDEHLOQRS           	1.973513437              	9	12	0.215	83
CDEHLOQRS           	1.979213984              	9	12	0.216	84
CDEHLOQRS           	1.984906667              	9	12	0.217	85
CDEHLOQRS           	1.990591507              	9	12	0.218	86
CDEHLOQRS           	1.996268522              	9	12	0.219	87
CDEHLOQRS           	2.001937732              	9	12	0.22	88
CDEHLOQRS           	2.007599158              	9	12	0.221	89
CDEHLOQRS           	2.013252817              	9	12	0.222	90
CDEHLOQRS           	2.018898731              	9	12	0.223	91
CDEHLOQRS           	2.024536917              	9	12	0.224	92
CDEHLOQRS           	2.030167396              	9	12	0.225	93
CDEHLOQRS           	2.035790186              	9	12	0.226	94
CDEHLOQRS           	2.041405307              	9	12	0.227	95
CDEHLOQRS           	2.047012778              	9	12	0.228	96
CDEHLOQRS           	2.052612618              	9	12	0.229	97
CDEHLOQRS           	2.058204845              	9	12	0.23	98
CDEHLOQRS           	2.063789478              	9	12	0.231	99
CDEHLOQRS           	2.069366537              	9	12	0.232	100
CDEHLOQRS           	2.07493604               	9	12	0.233	101
CDEHLOQRS           	2.080498006              	9	12	0.234	102
CDEHLOQRS           	2.086052454              	9	12	0.235	103
CDEHLOQRS           	2.091599401              	9	12	0.236	104
CDEHLOQRS           	2.097138867              	9	12	0.237	105
CDEHLOQRS           	2.10267087               	9	12	0.238	106
CDEHLOQRS           	2.108195428              	9	12	0.239	107
CDEHLOQRS           	2.11371256               	9	12	0.24	108
CDEHLOQRS           	2.119222284              	9	12	0.241	109
CDEHLOQRS           	2.124724618              	9	12	0.242	110
CDEHLOQRS           	2.130219581              	9	12	0.243	111
CDEHLOQRS           	2.13570719               	9	12	0.244	112
CDEHLOQRS           	2.141187463              	9	12	0.245	113
CDEHLOQRS           	2.146660419              	9	12	0.246	114
CDEHLOQRS           	2.152126075              	9	12	0.247	115
CDEHLOQRS           	2.157584449              	9	12	0.248	116
CDEHLOQRS           	2.163035559              	9	12	0.249	117
CDEHLOQRS           	2.168479423              	9	12	0.25	118
CDEHLOQRS           	2.173916059              	9	12	0.251	119
CDEHLOQRS           	2.179345483              	9	12	0.252	120
CDEHLOQRS           	2.184767714              	9	12	0.253	121
CDEHLOQRS           	2.190182769              	9	12	0.254	122
CDEHLOQRS           	2.195590666              	9	12	0.255	123
CDEHLOQRS           	2.200991421              	9	12	0.256	124
CDEHLOQRS           	2.206385053              	9	12	0.257	125
CDEHLOQRS           	2.211771579              	9	12	0.258	126
CDEHLOQRS           	2.217151015              	9	12	0.259	127
CDEHLOQRS           	2.222523379              	9	12	0.26	128
CDEHLOQRS           	2.227888688              	9	12	0.261	129
CDEHLOQRS           	2.23324696               	9	12	0.262	130
CDEHLOQRS           	2.23859821               	9	12	0.263	131
CDEHLOQRS           	2.243942457              	9	12	0.264	132
CDEHLOQRS           	2.249279717              	9	12	0.265	133
CDEHLOQRS           	2.254610006              	9	12	0.266	134
CDEHLOQRS           	2.259933343              	9	12	0.267	135
CDEHLOQRS           	2.265249742              	9	12	0.268	136
CDEHLOQRS           	2.270559222              	9	12	0.269	137
CDEHLOQRS           	2.275861798              	9	12	0.27	138
CDEHLOQRS           	2.281157487              	9	12	0.271	139
CDEHLOQRS           	2.286446307              	9	12	0.272	140
CDEHLOQRS           	2.291728272              	9	12	0.273	141
CDEHLOQRS           	2.2970034                	9	12	0.274	142
CDEHLOQRS           	2.302271708              	9	12	0.275	143
CDEHLOQRS           	2.30753321               	9	12	0.276	144
CDEHLOQRS           	2.312787924              	9	12	0.277	145
CDEHLOQRS           	2.318035866              	9	12	0.278	146
CDEHLOQRS           	2.323277052              	9	12	0.279	147
CDEHLOQRS           	2.328511498              	9	12	0.28	148
CDEHLOQRS           	2.33373922               	9	12	0.281	149
CDEHLOQRS           	2.338960234              	9	12	0.282	150
CDEHLOQRS           	2.344174556              	9	12	0.283	151
CDEHLOQRS           	2.349382202              	9	12	0.284	152
CDEHLOQRS           	2.354583188              	9	12	0.285	153
CDEHLOQRS           	2.35977753               	9	12	0.286	154
CDEHLOQRS           	2.364965243              	9	12	0.287	155
CDEHLOQRS           	2.370146343              	9	12	0.288	156
CDEHLOQRS           	2.375320846              	9	12	0.289	157
CDEHLOQRS           	2.380488767              	9	12	0.29	158
CDEHLOQRS           	2.385650122              	9	12	0.291	159
CDEHLOQRS           	2.390804926              	9	12	0.292	160
CDEHLOQRS           	2.395953195              	9	12	0.293	161
CDEHLOQRS           	2.401094945              	9	12	0.294	162
CDEHLOQRS           	2.40623019               	9	12	0.295	163
CDEHLOQRS           	2.411358946              	9	12	0.296	164
CDEHLOQRS           	2.416481228              	9	12	0.297	165
CDEHLOQRS           	2.421597051              	9	12	0.298	166
CDEHLOQRS           	2.426706431              	9	12	0.299	167
CDEHLOQRS           	2.431809383              	9	12	0.3	168
CDEHLOQRS           	2.436905922              	9	12	0.301	169
CDEHLOQRS           	2.441996062              	9	12	0.302	170
CDEHLOQRS           	2.447079819              	9	12	0.303	171
CDEHLOQRS           	2.452157208              	9	12	0.304	172
CDEHLOQRS           	2.457228243              	9	12	0.305	173
CDEHLOQRS           	2.46229294               	9	12	0.306	174
CDEHLOQRS           	2.467351312              	9	12	0.307	175
CDEHLOQRS           	2.472403376              	9	12	0.308	176
CDEHLOQRS           	2.477449146              	9	12	0.309	177
CDEHLOQRS           	2.482488635              	9	12	0.31	178
CDEHLOQRS           	2.48752186               	9	12	0.311	179
CDEHLOQRS           	2.492548834              	9	12	0.312	180
CDEHLOQRS           	2.497569572              	9	12	0.313	181
CDEHLOQRS           	2.502584089              	9	12	0.314	182
CDEHLOQRS           	2.507592398              	9	12	0.315	183
CDEHLOQRS           	2.512594515              	9	12	0.316	184
CDEHLOQRS           	2.517590454              	9	12	0.317	185
CDEHLOQRS           	2.522580228              	9	12	0.318	186
CDEHLOQRS           	2.527563852              	9	12	0.319	187
CDEHLOQRS           	2.532541341              	9	12	0.32	188
CDEHLOQRS           	2.537512708              	9	12	0.321	189
CDEHLOQRS           	2.542477969              	9	12	0.322	190
CDEHLOQRS           	2.547437135              	9	12	0.323	191
CDEHLOQRS           	2.552390223              	9	12	0.324	192
CDEHLOQRS           	2.557337245              	9	12	0.325	193
CDEHLOQRS           	2.562278216              	9	12	0.326	194
CDEHLOQRS           	2.56721315               	9	12	0.327	195
CDEHLOQRS           	2.57214206               	9	12	0.328	196
CDEHLOQRS           	2.57706496               	9	12	0.329	197
CDEHLOQRS           	2.581981865              	9	12	0.33	198
CDEHLOQRS           	2.586892787              	9	12	0.331	199
CDEHLOQRS           	2.591797741              	9	12	0.332	200
CDEHLOQRS           	2.59669674               	9	12	0.333	201
CDEHLOQRS           	2.601589798              	9	12	0.334	202
CDEHLOQRS           	2.606476928              	9	12	0.335	203
CDEHLOQRS           	2.611358144              	9	12	0.336	204
CDEHLOQRS           	2.616233459              	9	12	0.337	205
CDEHLOQRS           	2.621102887              	9	12	0.338	206
CDEHLOQRS           	2.625966441              	9	12	0.339	207
CDEHLOQRS           	2.630824135              	9	12	0.34	208
CDEHLOQRS           	2.635675982              	9	12	0.341	209
CDEHLOQRS           	2.640521995              	9	12	0.342	210
CDEHLOQRS           	2.645362188              	9	12	0.343	211
CDEHLOQRS           	2.650196573              	9	12	0.344	212
CDEHLOQRS           	2.655025163              	9	12	0.345	213
CDEHLOQRS           	2.659847973              	9	12	0.346	214
CDEHLOQRS           	2.664665015              	9	12	0.347	215
CDEHLOQRS           	2.669476302              	9	12	0.348	216
CDEHLOQRS           	2.674281846              	9	12	0.349	217
CDEHLOQRS           	2.679081662              	9	12	0.35	218
CDEHLOQRS           	2.683875762              	9	12	0.351	219
CDEHLOQRS           	2.688664159              	9	12	0.352	220
CDEHLOQRS           	2.693446865              	9	12	0.353	221
CDEHLOQRS           	2.698223894              	9	12	0.354	222
CDEHLOQRS           	2.702995258              	9	12	0.355	223
CDEHLOQRS           	2.70776097               	9	12	0.356	224
CDEHLOQRS           	2.712521042              	9	12	0.357	225
CDEHLOQRS           	2.717275488              	9	12	0.358	226
CDEHLOQRS           	2.72202432               	9	12	0.359	227
CDEHLOQRS           	2.726767551              	9	12	0.36	228
CDEHLOQRS           	2.731505193              	9	12	0.361	229
CDEHLOQRS           	2.736237258              	9	12	0.362	230
CDEHLOQRS           	2.740963759              	9	12	0.363	231
CDEHLOQRS           	2.745684709              	9	12	0.364	232
CDEHLOQRS           	2.75040012               	9	12	0.365	233
CDEHLOQRS           	2.755110004              	9	12	0.366	234
CDEHLOQRS           	2.759814374              	9	12	0.367	235
CDEHLOQRS           	2.764513241              	9	12	0.368	236
CDEHLOQRS           	2.769206619              	9	12	0.369	237
CDEHLOQRS           	2.773894519              	9	12	0.37	238
CDEHLOQRS           	2.778576953              	9	12	0.371	239
CDEHLOQRS           	2.783253934              	9	12	0.372	240
CDEHLOQRS           	2.787925474              	9	12	0.373	241
CDEHLOQRS           	2.792591585              	9	12	0.374	242
CDEHLOQRS           	2.797252279              	9	12	0.375	243
CDEHLOQRS           	2.801907567              	9	12	0.376	244
CDEHLOQRS           	2.806557462              	9	12	0.377	245
CDEHLOQRS           	2.811201976              	9	12	0.378	246
CDEHLOQRS           	2.815841121              	9	12	0.379	247
CDEHLOQRS           	2.820474908              	9	12	0.38	248
CDEHLOQRS           	2.82510335               	9	12	0.381	249
CDEHLOQRS           	2.829726457              	9	12	0.382	250
CDEHLOQRS           	2.834344243              	9	12	0.383	251
CDEHLOQRS           	2.838956718              	9	12	0.384	252
CDEHLOQRS           	2.843563894              	9	12	0.385	253
CDEHLOQRS           	2.848165783              	9	12	0.386	254
CDEHLOQRS           	2.852762397              	9	12	0.387	255
CDEHLOQRS           	2.857353747              	9	12	0.388	256
CDEHLOQRS           	2.861939844              	9	12	0.389	257
CDEHLOQRS           	2.866520701              	9	12	0.39	258
CDEHLOQRS           	2.871096328              	9	12	0.391	259
CDEHLOQRS           	2.875666737              	9	12	0.392	260
CDEHLOQRS           	2.88023194               	9	12	0.393	261
CDEHLOQRS           	2.884791948              	9	12	0.394	262
CDEHLOQRS           	2.889346772              	9	12	0.395	263
CDEHLOQRS           	2.893896424              	9	12	0.396	264
CDEHLOQRS           	2.898440914              	9	12	0.397	265
CDEHLOQRS           	2.902980255              	9	12	0.398	266
CDEHLOQRS           	2.907514457              	9	12	0.399	267
CDEHLOQRS           	2.912043531              	9	12	0.4	268
CDEHLOQRS           	2.916567489              	9	12	0.401	269
CDEHLOQRS           	2.921086341              	9	12	0.402	270
CDEHLOQRS           	2.9256001                	9	12	0.403	271
CDEHLOQRS           	2.930108775              	9	12	0.404	272
CDEHLOQRS           	2.934612379              	9	12	0.405	273
CDEHLOQRS           	2.939110921              	9	12	0.406	274
CDEHLOQRS           	2.943604413              	9	12	0.407	275
CDEHLOQRS           	2.948092866              	9	12	0.408	276
CDEHLOQRS           	2.95257629               	9	12	0.409	277
CDEHLOQRS           	2.957054697              	9	12	0.41	278
CDEHLOQRS           	2.961528098              	9	12	0.411	279
CDEHLOQRS           	2.965996502              	9	12	0.412	280
CDEHLOQRS           	2.970459922              	9	12	0.413	281
CDEHLOQRS           	2.974918367              	9	12	0.414	282
CDEHLOQRS           	2.979371849              	9	12	0.415	283
CDEHLOQRS           	2.983820378              	9	12	0.416	284
CDEHLOQRS           	2.988263964              	9	12	0.417	285
CDEHLOQRS           	2.992702619              	9	12	0.418	286
CDEHLOQRS           	2.997136353              	9	12	0.419	287
CDEHLOQRS           	3.001565176              	9	12	0.42	288
CDEHLOQRS           	3.005989099              	9	12	0.421	289
CDEHLOQRS           	3.010408133              	9	12	0.422	290
CDEHLOQRS           	3.014822288              	9	12	0.423	291
CDEHLOQRS           	3.019231574              	9	12	0.424	292
CDEHLOQRS           	3.023636002              	9	12	0.425	293
CDEHLOQRS           	3.028035582              	9	12	0.426	294
CDEHLOQRS           	3.032430325              	9	12	0.427	295
CDEHLOQRS           	3.03682024               	9	12	0.428	296
CDEHLOQRS           	3.041205339              	9	12	0.429	297
CDEHLOQRS           	3.045585631              	9	12	0.43	298
CDEHLOQRS           	3.049961127              	9	12	0.431	299
CDEHLOQRS           	3.054331836              	9	12	0.432	300
CDEHLOQRS           	3.05869777               	9	12	0.433	301
CDEHLOQRS           	3.063058938              	9	12	0.434	302
CDEHLOQRS           	3.06741535               	9	12	0.435	303
CDEHLOQRS           	3.071767016              	9	12	0.436	304
CDEHLOQRS           	3.076113947              	9	12	0.437	305
CDEHLOQRS           	3.080456152              	9	12	0.438	306
CDEHLOQRS           	3.084793642              	9	12	0.439	307
CDEHLOQRS           	3.089126426              	9	12	0.44	308
CDEHLOQRS           	3.093454514              	9	12	0.441	309
CDEHLOQRS           	3.097777917              	9	12	0.442	310
CDEHLOQRS           	3.102096644              	9	12	0.443	311
CDEHLOQRS           	3.106410705              	9	12	0.444	312
CDEHLOQRS           	3.110720109              	9	12	0.445	313
CDEHLOQRS           	3.115024868              	9	12	0.446	314
CDEHLOQRS           	3.11932499               	9	12	0.447	315
CDEHLOQRS           	3.123620485              	9	12	0.448	316
CDEHLOQRS           	3.127911363              	9	12	0.449	317
CDEHLOQRS           	3.132197633              	9	12	0.45	318
CDEHLOQRS           	3.136479306              	9	12	0.451	319
CDEHLOQRS           	3.140756391              	9	12	0.452	320
CDEHLOQRS           	3.145028897              	9	12	0.453	321
CDEHLOQRS           	3.149296835              	9	12	0.454	322
CDEHLOQRS           	3.153560213              	9	12	0.455	323
CDEHLOQRS           	3.157819041              	9	12	0.456	324
CDEHLOQRS           	3.162073329              	9	12	0.457	325
CDEHLOQRS           	3.166323087              	9	12	0.458	326
CDEHLOQRS           	3.170568323              	9	12	0.459	327
CDEHLOQRS           	3.174809047              	9	12	0.46	328
CDEHLOQRS           	3.179045268              	9	12	0.461	329
CDEHLOQRS           	3.183276997              	9	12	0.462	330
CDEHLOQRS           	3.187504242              	9	12	0.463	331
CDEHLOQRS           	3.191727012              	9	12	0.464	332
CDEHLOQRS           	3.195945317              	9	12	0.465	333
CDEHLOQRS           	3.200159166              	9	12	0.466	334
CDEHLOQRS           	3.204368569              	9	12	0.467	335
CDEHLOQRS           	3.208573534              	9	12	0.468	336
CDEHLOQRS           	3.212774071              	9	12	0.469	337
CDEHLOQRS           	3.216970189              	9	12	0.47	338
CDEHLOQRS           	3.221161897              	9	12	0.471	339
CDEHLOQRS           	3.225349205              	9	12	0.472	340
CDEHLOQRS           	3.22953212               	9	12	0.473	341
CDEHLOQRS           	3.233710653              	9	12	0.474	342
CDEHLOQRS           	3.237884813              	9	12	0.475	343
CDEHLOQRS           	3.242054608              	9	12	0.476	344
CDEHLOQRS           	3.246220047              	9	12	0.477	345
CDEHLOQRS           	3.25038114               	9	12	0.478	346
CDEHLOQRS           	3.254537895              	9	12	0.479	347
CDEHLOQRS           	3.258690322              	9	12	0.48	348
CDEHLOQRS           	3.262838428              	9	12	0.481	349
CDEHLOQRS           	3.266982224              	9	12	0.482	350
CDEHLOQRS           	3.271121718              	9	12	0.483	351
CDEHLOQRS           	3.275256918              	9	12	0.484	352
CDEHLOQRS           	3.279387834              	9	12	0.485	353
CDEHLOQRS           	3.283514475              	9	12	0.486	354
CDEHLOQRS           	3.287636848              	9	12	0.487	355
CDEHLOQRS           	3.291754963              	9	12	0.488	356
DEHLRS              	3.29523984               	6	12	0.489	1
EHLQRS              	3.29805614               	6	12	0.49	2
DEHLRS              	3.300870824              	6	12	0.491	3
EHLQRS              	3.303683895              	6	12	0.492	4
DEHLRS              	3.306495354              	6	12	0.493	5
DEHLRS              	3.309305203              	6	12	0.494	6
DEHLRS              	3.312113445              	6	12	0.495	7
DEHLRS              	3.314920081              	6	12	0.496	8
DEHLRS              	3.317725114              	6	12	0.497	9
EHLQRS              	3.320528546              	6	12	0.498	10
DEHLRS              	3.32333038               	6	12	0.499	11
DEHLRS              	3.326130616              	6	12	0.5	12
EHLQRS              	3.328929258              	6	12	0.501	13
EHLQRS              	3.331726307              	6	12	0.502	14
EHLQRS              	3.334521766              	6	12	0.503	15
DEHLRS              	3.337315637              	6	12	0.504	16
EHLQRS              	3.340107921              	6	12	0.505	17
DEHLRS              	3.342898621              	6	12	0.506	18
DEHLRS              	3.34568774               	6	12	0.507	19
DEHLRS              	3.348475278              	6	12	0.508	20
EHLQRS              	3.351261238              	6	12	0.509	21
EHLQRS              	3.354045623              	6	12	0.51	22
EHLQRS              	3.356828434              	6	12	0.511	23
DEHLRS              	3.359609674              	6	12	0.512	24
EHLQRS              	3.362389344              	6	12	0.513	25
DEHLRS              	3.365167446              	6	12	0.514	26
DEHLRS              	3.367943984              	6	12	0.515	27
EHLQRS              	3.370718958              	6	12	0.516	28
EHLQRS              	3.37349237               	6	12	0.517	29
DEHLRS              	3.376264224              	6	12	0.518	30
EHLQRS              	3.37903452               	6	12	0.519	31
EHLQRS              	3.381803262              	6	12	0.52	32
EHLQRS              	3.38457045               	6	12	0.521	33
EHLQRS              	3.387336088              	6	12	0.522	34
EHLQRS              	3.390100176              	6	12	0.523	35
DEHLRS              	3.392862718              	6	12	0.524	36
EHLQRS              	3.395623715              	6	12	0.525	37
EHLQRS              	3.398383169              	6	12	0.526	38
DEHLRS              	3.401141082              	6	12	0.527	39
EHLQRS              	3.403897456              	6	12	0.528	40
DEHLRS              	3.406652294              	6	12	0.529	41
DEHLRS              	3.409405597              	6	12	0.53	42
DEHLRS              	3.412157367              	6	12	0.531	43
DEHLRS              	3.414907607              	6	12	0.532	44
EHLQRS              	3.417656317              	6	12	0.533	45
EHLQRS              	3.420403501              	6	12	0.534	46
DEHLRS              	3.423149161              	6	12	0.535	47
DEHLRS              	3.425893298              	6	12	0.536	48
EHLQRS              	3.428635913              	6	12	0.537	49
DEHLRS              	3.431377011              	6	12	0.538	50
DEHLRS              	3.434116591              	6	12	0.539	51
EHLQRS              	3.436854657              	6	12	0.54	52
EHLQRS              	3.43959121               	6	12	0.541	53
DEHLRS              	3.442326252              	6	12	0.542	54
DEHLRS              	3.445059785              	6	12	0.543	55
DEHLRS              	3.447791811              	6	12	0.544	56
DEHLRS              	3.450522333              	6	12	0.545	57
EHLQRS              	3.453251351              	6	12	0.546	58
DEHLRS              	3.455978869              	6	12	0.547	59
DEHLRS              	3.458704887              	6	12	0.548	60
DEHLRS              	3.461429409              	6	12	0.549	61
DEHLRS              	3.464152435              	6	12	0.55	62
EHLQRS              	3.466873968              	6	12	0.551	63
DEHLRS              	3.46959401               	6	12	0.552	64
DEHLRS              	3.472312562              	6	12	0.553	65
DEHLRS              	3.475029627              	6	12	0.554	66
DEHLRS              	3.477745207              	6	12	0.555	67
EHLQRS              	3.480459303              	6	12	0.556	68
DEHLRS              	3.483171917              	6	12	0.557	69
EHLQRS              	3.485883052              	6	12	0.558	70
DEHLRS              	3.488592709              	6	12	0.559	71
DEHLRS              	3.49130089               	6	12	0.56	72
EHLQRS              	3.494007597              	6	12	0.561	73
EHLQRS              	3.496712832              	6	12	0.562	74
DEHLRS              	3.499416597              	6	12	0.563	75
EHLQRS              	3.502118894              	6	12	0.564	76
EHLQRS              	3.504819724              	6	12	0.565	77
EHLQRS              	3.50751909               	6	12	0.566	78
DEHLRS              	3.510216994              	6	12	0.567	79
EHLQRS              	3.512913436              	6	12	0.568	80
DEHLRS              	3.51560842               	6	12	0.569	81
DEHLRS              	3.518301947              	6	12	0.57	82
EHLQRS              	3.520994019              	6	12	0.571	83
EHLQRS              	3.523684638              	6	12	0.572	84
EHLQRS              	3.526373806              	6	12	0.573	85
EHLQRS              	3.529061524              	6	12	0.574	86
DEHLRS              	3.531747795              	6	12	0.575	87
EHLQRS              	3.534432619              	6	12	0.576	88
DEHLRS              	3.537116001              	6	12	0.577	89
EHLQRS              	3.53979794               	6	12	0.578	90
EHLQRS              	3.542478439              	6	12	0.579	91
EHLQRS              	3.545157499              	6	12	0.58	92
EHLQRS              	3.547835124              	6	12	0.581	93
DEHLRS              	3.550511313              	6	12	0.582	94
DEHLRS              	3.55318607               	6	12	0.583	95
EHLQRS              	3.555859396              	6	12	0.584	96
EHLQRS              	3.558531293              	6	12	0.585	97
EHLQRS              	3.561201763              	6	12	0.586	98
DEHLRS              	3.563870807              	6	12	0.587	99
DEHLRS              	3.566538428              	6	12	0.588	100
EHLQRS              	3.569204627              	6	12	0.589	101
EHLQRS              	3.571869406              	6	12	0.59	102
DEHLRS              	3.574532767              	6	12	0.591	103
DEHLRS              	3.577194711              	6	12	0.592	104
DEHLRS              	3.579855241              	6	12	0.593	105
DEHLRS              	3.582514358              	6	12	0.594	106
DEHLRS              	3.585172065              	6	12	0.595	107
DEHLRS              	3.587828362              	6	12	0.596	108
EHLQRS              	3.590483252              	6	12	0.597	109
DEHLRS              	3.593136736              	6	12	0.598	110
EHLQRS              	3.595788817              	6	12	0.599	111
EHLQRS              	3.598439496              	6	12	0.6	112
EHLQRS              	3.601088774              	6	12	0.601	113
DEHLRS              	3.603736654              	6	12	0.602	114
EHLQRS              	3.606383138              	6	12	0.603	115
EHLQRS              	3.609028226              	6	12	0.604	116
EHLQRS              	3.611671922              	6	12	0.605	117
EHLQRS              	3.614314226              	6	12	0.606	118
DEHLRS              	3.616955141              	6	12	0.607	119
EHLQRS              	3.619594668              	6	12	0.608	120
EHLQRS              	3.622232809              	6	12	0.609	121
EHLQRS              	3.624869566              	6	12	0.61	122
EHLQRS              	3.62750494               	6	12	0.611	123
EHLQRS              	3.630138934              	6	12	0.612	124
DEHLRS              	3.632771548              	6	12	0.613	125
DEHLRS              	3.635402785              	6	12	0.614	126
DEHLRS              	3.638032647              	6	12	0.615	127
DEHLRS              	3.640661135              	6	12	0.616	128
EHLQRS              	3.643288251              	6	12	0.617	129
DEHLRS              	3.645913997              	6	12	0.618	130
EHLQRS              	3.648538374              	6	12	0.619	131
EHLQRS              	3.651161384              	6	12	0.62	132
EHLQRS              	3.653783029              	6	12	0.621	133
EHLQRS              	3.656403311              	6	12	0.622	134
EHLQRS              	3.659022231              	6	12	0.623	135
EHLQRS              	3.661639791              	6	12	0.624	136
EHLQRS              	3.664255993              	6	12	0.625	137
EHLQRS              	3.666870838              	6	12	0.626	138
DEHLRS              	3.669484328              	6	12	0.627	139
EHLQRS              	3.672096466              	6	12	0.628	140
EHLQRS              	3.674707252              	6	12	0.629	141
DEHLRS              	3.677316688              	6	12	0.63	142
EHLQRS              	3.679924776              	6	12	0.631	143
DEHLRS              	3.682531518              	6	12	0.632	144
EHLQRS              	3.685136915              	6	12	0.633	145
DEHLRS              	3.687740969              	6	12	0.634	146
DEHLRS              	3.690343682              	6	12	0.635	147
EHLQRS              	3.692945055              	6	12	0.636	148
EHLQRS              	3.69554509               	6	12	0.637	149
DEHLRS              	3.69814379               	6	12	0.638	150
DEHLRS              	3.700741154              	6	12	0.639	151
DEHLRS              	3.703337186              	6	12	0.64	152
EHLQRS              	3.705931886              	6	12	0.641	153
EHLQRS              	3.708525257              	6	12	0.642	154
DEHLRS              	3.7111173                	6	12	0.643	155
DEHLRS              	3.713708017              	6	12	0.644	156
DEHLRS              	3.716297409              	6	12	0.645	157
DEHLRS              	3.718885478              	6	12	0.646	158
EHLQRS              	3.721472226              	6	12	0.647	159
DEHLRS              	3.724057654              	6	12	0.648	160
DEHLRS              	3.726641764              	6	12	0.649	161
DEHLRS              	3.729224558              	6	12	0.65	162
DEHLRS              	3.731806038              	6	12	0.651	163
DEHLRS              	3.734386204              	6	12	0.652	164
EHLQRS              	3.736965059              	6	12	0.653	165
EHLQRS              	3.739542603              	6	12	0.654	166
EHLQRS              	3.74211884               	6	12	0.655	167
DEHLRS              	3.74469377               	6	12	0.656	168
EHLQRS              	3.747267396              	6	12	0.657	169
EHLQRS              	3.749839718              	6	12	0.658	170
DEHLRS              	3.752410738              	6	12	0.659	171
DEHLRS              	3.754980458              	6	12	0.66	172
EHLQRS              	3.75754888               	6	12	0.661	173
DEHLRS              	3.760116005              	6	12	0.662	174
EHLQRS              	3.762681835              	6	12	0.663	175
EHLQRS              	3.765246371              	6	12	0.664	176
EHLQRS              	3.767809615              	6	12	0.665	177
EHLQRS              	3.770371568              	6	12	0.666	178
EHLQRS              	3.772932233              	6	12	0.667	179
EHLQRS              	3.77549161               	6	12	0.668	180
DEHLRS              	3.778049702              	6	12	0.669	181
DEHLRS              	3.78060651               	6	12	0.67	182
DEHLRS              	3.783162036              	6	12	0.671	183
EHLQRS              	3.78571628               	6	12	0.672	184
EHLQRS              	3.788269245              	6	12	0.673	185
EHLQRS              	3.790820933              	6	12	0.674	186
DEHLRS              	3.793371344              	6	12	0.675	187
EHLQRS              	3.795920481              	6	12	0.676	188
EHLQRS              	3.798468344              	6	12	0.677	189
EHLQRS              	3.801014937              	6	12	0.678	190
DEHLRS              	3.803560259              	6	12	0.679	191
KLRS                	3.805905124              	4	12	0.68	1
KLRS                	3.807831166              	4	12	0.681	2
KLRS                	3.809756671              	4	12	0.682	3
KLRS                	3.811681637              	4	12	0.683	4
KLRS                	3.813606066              	4	12	0.684	5
KLRS                	3.815529958              	4	12	0.685	6
KLRS                	3.817453314              	4	12	0.686	7
KLRS                	3.819376133              	4	12	0.687	8
KLRS                	3.821298417              	4	12	0.688	9
KLRS                	3.823220166              	4	12	0.689	10
KLRS                	3.82514138               	4	12	0.69	11
KLRS                	3.827062061              	4	12	0.691	12
KLRS                	3.828982207              	4	12	0.692	13
KLRS                	3.83090182               	4	12	0.693	14
KLRS                	3.8328209                	4	12	0.694	15
KLRS                	3.834739448              	4	12	0.695	16
KLRS                	3.836657464              	4	12	0.696	17
KLRS                	3.838574949              	4	12	0.697	18
KLRS                	3.840491903              	4	12	0.698	19
KLRS                	3.842408326              	4	12	0.699	20
KLRS                	3.844324219              	4	12	0.7	21
KLRS                	3.846239583              	4	12	0.701	22
KLRS                	3.848154418              	4	12	0.702	23
KLRS                	3.850068724              	4	12	0.703	24
KLRS                	3.851982501              	4	12	0.704	25
KLRS                	3.853895752              	4	12	0.705	26
KLRS                	3.855808474              	4	12	0.706	27
KLRS                	3.85772067               	4	12	0.707	28
KLRS                	3.85963234               	4	12	0.708	29
KLRS                	3.861543484              	4	12	0.709	30
KLRS                	3.863454102              	4	12	0.71	31
KLRS                	3.865364196              	4	12	0.711	32
KLRS                	3.867273764              	4	12	0.712	33
KLRS                	3.869182809              	4	12	0.713	34
KLRS                	3.87109133               	4	12	0.714	35
KLRS                	3.872999328              	4	12	0.715	36
KLRS                	3.874906803              	4	12	0.716	37
KLRS                	3.876813756              	4	12	0.717	38
KLRS                	3.878720187              	4	12	0.718	39
KLRS                	3.880626097              	4	12	0.719	40
KLRS                	3.882531486              	4	12	0.72	41
KLRS                	3.884436354              	4	12	0.721	42
KLRS                	3.886340702              	4	12	0.722	43
KLRS                	3.888244531              	4	12	0.723	44
KLRS                	3.890147841              	4	12	0.724	45
KLRS                	3.892050632              	4	12	0.725	46
KLRS                	3.893952904              	4	12	0.726	47
KLRS                	3.895854659              	4	12	0.727	48
KLRS                	3.897755897              	4	12	0.728	49
KLRS                	3.899656617              	4	12	0.729	50
KLRS                	3.901556822              	4	12	0.73	51
KLRS                	3.90345651               	4	12	0.731	52
KLRS                	3.905355683              	4	12	0.732	53
KLRS                	3.90725434               	4	12	0.733	54
KLRS                	3.909152483              	4	12	0.734	55
KLRS                	3.911050111              	4	12	0.735	56
KLRS                	3.912947226              	4	12	0.736	57
KLRS                	3.914843828              	4	12	0.737	58
KLRS                	3.916739916              	4	12	0.738	59
KLRS                	3.918635492              	4	12	0.739	60
KLRS                	3.920530556              	4	12	0.74	61
KLRS                	3.922425109              	4	12	0.741	62
KLRS                	3.92431915               	4	12	0.742	63
KLRS                	3.92621268               	4	12	0.743	64
KLRS                	3.928105701              	4	12	0.744	65
KLRS                	3.929998211              	4	12	0.745	66
KLRS                	3.931890212              	4	12	0.746	67
KLRS                	3.933781704              	4	12	0.747	68
KLRS                	3.935672688              	4	12	0.748	69
KLRS                	3.937563163              	4	12	0.749	70
KLRS                	3.939453131              	4	12	0.75	71
KLRS                	3.941342591              	4	12	0.751	72
KLRS                	3.943231545              	4	12	0.752	73
KLRS                	3.945119992              	4	12	0.753	74
KLRS                	3.947007934              	4	12	0.754	75
KLRS                	3.948895369              	4	12	0.755	76
KLRS                	3.9507823                	4	12	0.756	77
KLRS                	3.952668726              	4	12	0.757	78
KLRS                	3.954554648              	4	12	0.758	79
KLRS                	3.956440067              	4	12	0.759	80
KLRS                	3.958324981              	4	12	0.76	81
KLRS                	3.960209393              	4	12	0.761	82
KLRS                	3.962093303              	4	12	0.762	83
KLRS                	3.96397671               	4	12	0.763	84
KLRS                	3.965859616              	4	12	0.764	85
KLRS                	3.96774202               	4	12	0.765	86
KLRS                	3.969623924              	4	12	0.766	87
KLRS                	3.971505327              	4	12	0.767	88
KLRS                	3.973386231              	4	12	0.768	89
KLRS                	3.975266635              	4	12	0.769	90
KLRS                	3.97714654               	4	12	0.77	91
KLRS                	3.979025946              	4	12	0.771	92
KLRS                	3.980904854              	4	12	0.772	93
KLRS                	3.982783264              	4	12	0.773	94
KLRS                	3.984661177              	4	12	0.774	95
KLRS                	3.986538592              	4	12	0.775	96
KLRS                	3.988415512              	4	12	0.776	97
KLRS                	3.990291935              	4	12	0.777	98
KLRS                	3.992167862              	4	12	0.778	99
KLRS                	3.994043294              	4	12	0.779	100
KLRS                	3.995918232              	4	12	0.78	101
KLRS                	3.997792675              	4	12	0.781	102
KLRS                	3.999666623              	4	12	0.782	103
KLRS                	4.001540079              	4	12	0.783	104
KLRS                	4.003413041              	4	12	0.784	105
KLRS                	4.00528551               	4	12	0.785	106
KLRS                	4.007157487              	4	12	0.786	107
KLRS                	4.009028972              	4	12	0.787	108
KLRS                	4.010899965              	4	12	0.788	109
KLRS                	4.012770468              	4	12	0.789	110
KLRS                	4.014640479              	4	12	0.79	111
KLRS                	4.016510001              	4	12	0.791	112
KLRS                	4.018379032              	4	12	0.792	113
KLRS                	4.020247575              	4	12	0.793	114
KLRS                	4.022115628              	4	12	0.794	115
KLRS                	4.023983192              	4	12	0.795	116
KLRS                	4.025850268              	4	12	0.796	117
KLRS                	4.027716857              	4	12	0.797	118
KLRS                	4.029582958              	4	12	0.798	119
KLRS                	4.031448572              	4	12	0.799	120
KLRS                	4.0333137                	4	12	0.8	121
KLRS                	4.035178341              	4	12	0.801	122
KLRS                	4.037042497              	4	12	0.802	123
KLRS                	4.038906167              	4	12	0.803	124
KLRS                	4.040769352              	4	12	0.804	125
KLRS                	4.042632053              	4	12	0.805	126
KLRS                	4.04449427               	4	12	0.806	127
CIK                 	4.046287361              	3	12	0.807	1
CIK                 	4.04787454               	3	12	0.808	2
CIK                 	4.049461453              	3	12	0.809	3
CIK                 	4.051048101              	3	12	0.81	4
CIK                 	4.052634484              	3	12	0.811	5
CIK                 	4.054220602              	3	12	0.812	6
CIK                 	4.055806456              	3	12	0.813	7
CIK                 	4.057392044              	3	12	0.814	8
CIK                 	4.058977368              	3	12	0.815	9
CIK                 	4.060562428              	3	12	0.816	10
CIK                 	4.062147224              	3	12	0.817	11
CIK                 	4.063731756              	3	12	0.818	12
CIK                 	4.065316024              	3	12	0.819	13
CIK                 	4.066900029              	3	12	0.82	14
CIK                 	4.06848377               	3	12	0.821	15
CIK                 	4.070067248              	3	12	0.822	16
CIK                 	4.071650463              	3	12	0.823	17
CIK                 	4.073233415              	3	12	0.824	18
CIK                 	4.074816104              	3	12	0.825	19
CIK                 	4.076398531              	3	12	0.826	20
CIK                 	4.077980696              	3	12	0.827	21
CIK                 	4.079562598              	3	12	0.828	22
CIK                 	4.081144239              	3	12	0.829	23
CIK                 	4.082725618              	3	12	0.83	24
CIK                 	4.084306735              	3	12	0.831	25
CIK                 	4.08588759               	3	12	0.832	26
CIK                 	4.087468185              	3	12	0.833	27
CIK                 	4.089048518              	3	12	0.834	28
CIK                 	4.090628591              	3	12	0.835	29
CIK                 	4.092208403              	3	12	0.836	30
CIK                 	4.093787954              	3	12	0.837	31
CIK                 	4.095367245              	3	12	0.838	32
CIK                 	4.096946275              	3	12	0.839	33
CIK                 	4.098525046              	3	12	0.84	34
CIK                 	4.100103557              	3	12	0.841	35
CIK                 	4.101681808              	3	12	0.842	36
CIK                 	4.103259799              	3	12	0.843	37
CIK                 	4.104837532              	3	12	0.844	38
CIK                 	4.106415005              	3	12	0.845	39
CIK                 	4.107992219              	3	12	0.846	40
CIK                 	4.109569174              	3	12	0.847	41
CIK                 	4.111145871              	3	12	0.848	42
CIK                 	4.112722309              	3	12	0.849	43
CIK                 	4.114298489              	3	12	0.85	44
CIK                 	4.115874411              	3	12	0.851	45
CIK                 	4.117450075              	3	12	0.852	46
CIK                 	4.119025481              	3	12	0.853	47
CIK                 	4.12060063               	3	12	0.854	48
CIK                 	4.122175521              	3	12	0.855	49
CIK                 	4.123750155              	3	12	0.856	50
CIK                 	4.125324532              	3	12	0.857	51
CIK                 	4.126898652              	3	12	0.858	52
CIK                 	4.128472515              	3	12	0.859	53
CIK                 	4.130046122              	3	12	0.86	54
CIK                 	4.131619472              	3	12	0.861	55
CIK                 	4.133192566              	3	12	0.862	56
CIK                 	4.134765404              	3	12	0.863	57
CIK                 	4.136337987              	3	12	0.864	58
CIK                 	4.137910313              	3	12	0.865	59
CIK                 	4.139482384              	3	12	0.866	60
CIK                 	4.1410542                	3	12	0.867	61
CIK                 	4.14262576               	3	12	0.868	62
CIK                 	4.144197066              	3	12	0.869	63
CIK                 	4.145768116              	3	12	0.87	64
CIK                 	4.147338912              	3	12	0.871	65
CIK                 	4.148909454              	3	12	0.872	66
CIK                 	4.150479741              	3	12	0.873	67
CIK                 	4.152049774              	3	12	0.874	68
CIK                 	4.153619553              	3	12	0.875	69
CIK                 	4.155189078              	3	12	0.876	70
CIK                 	4.15675835               	3	12	0.877	71
CIK                 	4.158327368              	3	12	0.878	72
CIK                 	4.159896133              	3	12	0.879	73
CIK                 	4.161464644              	3	12	0.88	74
CIK                 	4.163032903              	3	12	0.881	75
CIK                 	4.164600909              	3	12	0.882	76
CIK                 	4.166168662              	3	12	0.883	77
CIK                 	4.167736163              	3	12	0.884	78
CIK                 	4.169303411              	3	12	0.885	79
CIK                 	4.170870408              	3	12	0.886	80
CIK                 	4.172437152              	3	12	0.887	81
CIK                 	4.174003644              	3	12	0.888	82
CIK                 	4.175569885              	3	12	0.889	83
CIK                 	4.177135875              	3	12	0.89	84
CIK                 	4.178701613              	3	12	0.891	85
CIK                 	4.1802671                	3	12	0.892	86
CIK                 	4.181832336              	3	12	0.893	87
CIK                 	4.183397322              	3	12	0.894	88
CIK                 	4.184962056              	3	12	0.895	89
CIK                 	4.186526541              	3	12	0.896	90
CIK                 	4.188090775              	3	12	0.897	91
CIK                 	4.189654758              	3	12	0.898	92
CIK                 	4.191218492              	3	12	0.899	93
CIK                 	4.192781976              	3	12	0.9	94
CIK                 	4.194345211              	3	12	0.901	95
CIK                 	4.195908196              	3	12	0.902	96
CIK                 	4.197470932              	3	12	0.903	97
CIK                 	4.199033418              	3	12	0.904	98
CIK                 	4.200595656              	3	12	0.905	99
CIK                 	4.202157645              	3	12	0.906	100
CIK                 	4.203719385              	3	12	0.907	101
CIK                 	4.205280877              	3	12	0.908	102
CIK                 	4.20684212               	3	12	0.909	103
CIK                 	4.208403116              	3	12	0.91	104
CIK                 	4.209963863              	3	12	0.911	105
CIK                 	4.211524363              	3	12	0.912	106
CIK                 	4.213084614              	3	12	0.913	107
CIK                 	4.214644619              	3	12	0.914	108
CIK                 	4.216204376              	3	12	0.915	109
CIK                 	4.217763886              	3	12	0.916	110
CIK                 	4.219323149              	3	12	0.917	111
CIK                 	4.220882165              	3	12	0.918	112
CIK                 	4.222440935              	3	12	0.919	113
CIK                 	4.223999458              	3	12	0.92	114
CIK                 	4.225557734              	3	12	0.921	115
CIK                 	4.227115765              	3	12	0.922	116
CIK                 	4.228673549              	3	12	0.923	117
CIK                 	4.230231088              	3	12	0.924	118
CIK                 	4.231788381              	3	12	0.925	119
CIK                 	4.233345428              	3	12	0.926	120
CIK                 	4.23490223               	3	12	0.927	121
CIK                 	4.236458787              	3	12	0.928	122
CIK                 	4.238015099              	3	12	0.929	123
CIK                 	4.239571166              	3	12	0.93	124
CIK                 	4.241126988              	3	12	0.931	125
CIK                 	4.242682566              	3	12	0.932	126
CIK                 	4.244237899              	3	12	0.933	127
CIK                 	4.245792988              	3	12	0.934	128
CIK                 	4.247347833              	3	12	0.935	129
CIK                 	4.248902435              	3	12	0.936	130
CIK                 	4.250456792              	3	12	0.937	131
CIK                 	4.252010906              	3	12	0.938	132
CIK                 	4.253564776              	3	12	0.939	133
CIK                 	4.255118403              	3	12	0.94	134
CIK                 	4.256671787              	3	12	0.941	135
CIK                 	4.258224928              	3	12	0.942	136
CIK                 	4.259777827              	3	12	0.943	137
CIK                 	4.261330482              	3	12	0.944	138
CIK                 	4.262882895              	3	12	0.945	139
CIK                 	4.264435066              	3	12	0.946	140
CIK                 	4.265986995              	3	12	0.947	141
CIK                 	4.267538682              	3	12	0.948	142
CIK                 	4.269090127              	3	12	0.949	143
CIK                 	4.27064133               	3	12	0.95	144
CIK                 	4.272192292              	3	12	0.951	145
CIK                 	4.273743012              	3	12	0.952	146
CIK                 	4.275293492              	3	12	0.953	147
CIK                 	4.27684373               	3	12	0.954	148
CIK                 	4.278393727              	3	12	0.955	149
CIK                 	4.279943484              	3	12	0.956	150
CIK                 	4.281493                 	3	12	0.957	151
CIK                 	4.283042275              	3	12	0.958	152
CIK                 	4.284591311              	3	12	0.959	153
CIK                 	4.286140106              	3	12	0.96	154
CIK                 	4.287688662              	3	12	0.961	155
CIK                 	4.289236977              	3	12	0.962	156
CIK                 	4.290785053              	3	12	0.963	157
CIK                 	4.29233289               	3	12	0.964	158
CIK                 	4.293880487              	3	12	0.965	159
CIK                 	4.295427845              	3	12	0.966	160
CIK                 	4.296974964              	3	12	0.967	161
CIK                 	4.298521845              	3	12	0.968	162
CIK                 	4.300068486              	3	12	0.969	163
CIK                 	4.301614889              	3	12	0.97	164
CIK                 	4.303161054              	3	12	0.971	165
CIK                 	4.304706981              	3	12	0.972	166
CIK                 	4.306252669              	3	12	0.973	167
CIK                 	4.30779812               	3	12	0.974	168
CIK                 	4.309343333              	3	12	0.975	169
CIK                 	4.310888308              	3	12	0.976	170
CIK                 	4.312433046              	3	12	0.977	171
CIK                 	4.313977546              	3	12	0.978	172
CIK                 	4.31552181               	3	12	0.979	173
CIK                 	4.317065836              	3	12	0.98	174
CIK                 	4.318609626              	3	12	0.981	175
CIK                 	4.320153179              	3	12	0.982	176
CIK                 	4.321696496              	3	12	0.983	177
CIK                 	4.323239576              	3	12	0.984	178
CIK                 	4.32478242               	3	12	0.985	179
CIK                 	4.326325028              	3	12	0.986	180
CIK                 	4.3278674                	3	12	0.987	181
CIK                 	4.329409536              	3	12	0.988	182
CIK                 	4.330951437              	3	12	0.989	183
CIK                 	4.332493103              	3	12	0.99	184
CIK                 	4.334034533              	3	12	0.991	185
CIK                 	4.335575728              	3	12	0.992	186
CIK                 	4.337116688              	3	12	0.993	187
CIK                 	4.338657413              	3	12	0.994	188
CIK                 	4.340197904              	3	12	0.995	189
CIK                 	4.34173816               	3	12	0.996	190
CIK                 	4.343278181              	3	12	0.997	191
CIK                 	4.344817969              	3	12	0.998	192
CIK                 	4.346357522              	3	12	0.999	193
CIK                 	4.347896842              	3	12	1.0	194
CIK                 	4.349435928              	3	12	1.001	195
CIK                 	4.35097478               	3	12	1.002	196
CIK                 	4.352513399              	3	12	1.003	197
CIK                 	4.354051784              	3	12	1.004	198
CIK                 	4.355589937              	3	12	1.005	199
CIK                 	4.357127856              	3	12	1.006	200
CIK                 	4.358665543              	3	12	1.007	201
CIK                 	4.360202997              	3	12	1.008	202
CIK                 	4.361740218              	3	12	1.009	203
CIK                 	4.363277207              	3	12	1.01	204
CIK                 	4.364813964              	3	12	1.011	205
CIK                 	4.366350489              	3	12	1.012	206
CIK                 	4.367886781              	3	12	1.013	207
CIK                 	4.369422842              	3	12	1.014	208
CIK                 	4.370958672              	3	12	1.015	209
CIK                 	4.37249427               	3	12	1.016	210
CIK                 	4.374029636              	3	12	1.017	211
CIK                 	4.375564772              	3	12	1.018	212
CIK                 	4.377099676              	3	12	1.019	213
CIK                 	4.37863435               	3	12	1.02	214
CIK                 	4.380168792              	3	12	1.021	215
CIK                 	4.381703005              	3	12	1.022	216
CIK                 	4.383236986              	3	12	1.023	217
CIK                 	4.384770738              	3	12	1.024	218
CIK                 	4.386304259              	3	12	1.025	219
CIK                 	4.387837551              	3	12	1.026	220
CIK                 	4.389370612              	3	12	1.027	221
CIK                 	4.390903444              	3	12	1.028	222
CIK                 	4.392436046              	3	12	1.029	223
CIK                 	4.393968419              	3	12	1.03	224
CIK                 	4.395500563              	3	12	1.031	225
CIK                 	4.397032478              	3	12	1.032	226
CIK                 	4.398564163              	3	12	1.033	227
CIK                 	4.40009562               	3	12	1.034	228
CIK                 	4.401626848              	3	12	1.035	229
CIK                 	4.403157848              	3	12	1.036	230
CIK                 	4.404688619              	3	12	1.037	231
CIK                 	4.406219162              	3	12	1.038	232
CIK                 	4.407749478              	3	12	1.039	233
CIK                 	4.409279565              	3	12	1.04	234
CIK                 	4.410809424              	3	12	1.041	235
CIK                 	4.412339056              	3	12	1.042	236
CIK                 	4.41386846               	3	12	1.043	237
CIK                 	4.415397637              	3	12	1.044	238
CIK                 	4.416926587              	3	12	1.045	239
CIK                 	4.41845531               	3	12	1.046	240
CIK                 	4.419983806              	3	12	1.047	241
CIK                 	4.421512075              	3	12	1.048	242
CIK                 	4.423040118              	3	12	1.049	243
CIK                 	4.424567934              	3	12	1.05	244
CIK                 	4.426095523              	3	12	1.051	245
CIK                 	4.427622887              	3	12	1.052	246
CIK                 	4.429150025              	3	12	1.053	247
CIK                 	4.430676937              	3	12	1.054	248
CIK                 	4.432203623              	3	12	1.055	249
CIK                 	4.433730083              	3	12	1.056	250
CIK                 	4.435256318              	3	12	1.057	251
CIK                 	4.436782328              	3	12	1.058	252
CIK                 	4.438308113              	3	12	1.059	253
CIK                 	4.439833672              	3	12	1.06	254
CIK                 	4.441359007              	3	12	1.061	255
CIK                 	4.442884117              	3	12	1.062	256
CIK                 	4.444409002              	3	12	1.063	257
CIK                 	4.445933664              	3	12	1.064	258
CIK                 	4.4474581                	3	12	1.065	259
CIK                 	4.448982313              	3	12	1.066	260
CIK                 	4.450506302              	3	12	1.067	261
CIK                 	4.452030067              	3	12	1.068	262
CIK                 	4.453553608              	3	12	1.069	263
CIK                 	4.455076925              	3	12	1.07	264
CIK                 	4.456600019              	3	12	1.071	265
CIK                 	4.45812289               	3	12	1.072	266
CIK                 	4.459645538              	3	12	1.073	267
CIK                 	4.461167963              	3	12	1.074	268
CIK                 	4.462690165              	3	12	1.075	269
CIK                 	4.464212144              	3	12	1.076	270
CIK                 	4.465733901              	3	12	1.077	271
CIK                 	4.467255435              	3	12	1.078	272
CIK                 	4.468776747              	3	12	1.079	273
CIK                 	4.470297837              	3	12	1.08	274
CIK                 	4.471818704              	3	12	1.081	275
CIK                 	4.47333935               	3	12	1.082	276
CIK                 	4.474859775              	3	12	1.083	277
CIK                 	4.476379977              	3	12	1.084	278
CIK                 	4.477899959              	3	12	1.085	279
CIK                 	4.479419719              	3	12	1.086	280
CIK                 	4.480939257              	3	12	1.087	281
CIK                 	4.482458575              	3	12	1.088	282
CIK                 	4.483977672              	3	12	1.089	283
CIK                 	4.485496549              	3	12	1.09	284
CIK                 	4.487015204              	3	12	1.091	285
CIK                 	4.48853364               	3	12	1.092	286
CIK                 	4.490051855              	3	12	1.093	287
CIK                 	4.491569849              	3	12	1.094	288
CIK                 	4.493087624              	3	12	1.095	289
CIK                 	4.494605179              	3	12	1.096	290
CIK                 	4.496122514              	3	12	1.097	291
CIK                 	4.49763963               	3	12	1.098	292
CIK                 	4.499156526              	3	12	1.099	293
CIK                 	4.500673203              	3	12	1.1	294
CIK                 	4.50218966               	3	12	1.101	295
CIK                 	4.503705899              	3	12	1.102	296
CIK                 	4.505221919              	3	12	1.103	297
CIK                 	4.50673772               	3	12	1.104	298
CIK                 	4.508253302              	3	12	1.105	299
CIK                 	4.509768666              	3	12	1.106	300
CIK                 	4.511283811              	3	12	1.107	301
CIK                 	4.512798738              	3	12	1.108	302
CIK                 	4.514313448              	3	12	1.109	303
CIK                 	4.515827939              	3	12	1.11	304
CIK                 	4.517342212              	3	12	1.111	305
CIK                 	4.518856268              	3	12	1.112	306
CIK                 	4.520370107              	3	12	1.113	307
CIK                 	4.521883728              	3	12	1.114	308
CIK                 	4.523397131              	3	12	1.115	309
CIK                 	4.524910318              	3	12	1.116	310
CIK                 	4.526423288              	3	12	1.117	311
CIK                 	4.52793604               	3	12	1.118	312
CIK                 	4.529448577              	3	12	1.119	313
CIK                 	4.530960896              	3	12	1.12	314
CIK                 	4.532472999              	3	12	1.121	315
CIK                 	4.533984886              	3	12	1.122	316
CIK                 	4.535496557              	3	12	1.123	317
CIK                 	4.537008012              	3	12	1.124	318
CIK                 	4.538519251              	3	12	1.125	319
CIK                 	4.540030274              	3	12	1.126	320
CIK                 	4.541541082              	3	12	1.127	321
CIK                 	4.543051674              	3	12	1.128	322
CIK                 	4.544562051              	3	12	1.129	323
CIK                 	4.546072212              	3	12	1.13	324
CIK                 	4.547582159              	3	12	1.131	325
CIK                 	4.549091891              	3	12	1.132	326
CIK                 	4.550601408              	3	12	1.133	327
CIK                 	4.55211071               	3	12	1.134	328
CIK                 	4.553619798              	3	12	1.135	329
CIK                 	4.555128671              	3	12	1.136	330
CIK                 	4.55663733               	3	12	1.137	331
CIK                 	4.558145775              	3	12	1.138	332
CIK                 	4.559654006              	3	12	1.139	333
CIK                 	4.561162024              	3	12	1.14	334
CIK                 	4.562669827              	3	12	1.141	335
CIK                 	4.564177417              	3	12	1.142	336
CIK                 	4.565684794              	3	12	1.143	337
CIK                 	4.567191957              	3	12	1.144	338
CIK                 	4.568698908              	3	12	1.145	339
CIK                 	4.570205645              	3	12	1.146	340
CIK                 	4.571712169              	3	12	1.147	341
CIK                 	4.573218481              	3	12	1.148	342
CIK                 	4.574724579              	3	12	1.149	343
CIK                 	4.576230466              	3	12	1.15	344
CIK                 	4.57773614               	3	12	1.151	345
CIK                 	4.579241602              	3	12	1.152	346
CIK                 	4.580746852              	3	12	1.153	347
CIK                 	4.58225189               	3	12	1.154	348
CIK                 	4.583756716              	3	12	1.155	349
CIK                 	4.58526133               	3	12	1.156	350
CIK                 	4.586765733              	3	12	1.157	351
CIK                 	4.588269924              	3	12	1.158	352
CIK                 	4.589773904              	3	12	1.159	353
CIK                 	4.591277673              	3	12	1.16	354
CIK                 	4.592781231              	3	12	1.161	355
CIK                 	4.594284578              	3	12	1.162	356
CIK                 	4.595787714              	3	12	1.163	357
CIK                 	4.59729064               	3	12	1.164	358
CIK                 	4.598793355              	3	12	1.165	359
CIK                 	4.60029586               	3	12	1.166	360
CIK                 	4.601798155              	3	12	1.167	361
CIK                 	4.603300239              	3	12	1.168	362
CIK                 	4.604802114              	3	12	1.169	363
CIK                 	4.606303779              	3	12	1.17	364
CIK                 	4.607805234              	3	12	1.171	365
CIK                 	4.609306479              	3	12	1.172	366
CIK                 	4.610807515              	3	12	1.173	367
CIK                 	4.612308342              	3	12	1.174	368
CIK                 	4.61380896               	3	12	1.175	369
CIK                 	4.615309368              	3	12	1.176	370
CIK                 	4.616809568              	3	12	1.177	371
CIK                 	4.618309559              	3	12	1.178	372
CIK                 	4.619809341              	3	12	1.179	373
CIK                 	4.621308914              	3	12	1.18	374
CIK                 	4.62280828               	3	12	1.181	375
CIK                 	4.624307437              	3	12	1.182	376
CIK                 	4.625806386              	3	12	1.183	377
CIK                 	4.627305127              	3	12	1.184	378
CIK                 	4.62880366               	3	12	1.185	379
CIK                 	4.630301985              	3	12	1.186	380
CIK                 	4.631800103              	3	12	1.187	381
CIK                 	4.633298013              	3	12	1.188	382
CIK                 	4.634795716              	3	12	1.189	383
CIK                 	4.636293212              	3	12	1.19	384
CIK                 	4.6377905                	3	12	1.191	385
CIK                 	4.639287582              	3	12	1.192	386
CIK                 	4.640784457              	3	12	1.193	387
CIK                 	4.642281125              	3	12	1.194	388
CIK                 	4.643777586              	3	12	1.195	389
CIK                 	4.645273841              	3	12	1.196	390
CIK                 	4.64676989               	3	12	1.197	391
CIK                 	4.648265733              	3	12	1.198	392
CIK                 	4.649761369              	3	12	1.199	393
CIK                 	4.6512568                	3	12	1.2	394
CIK                 	4.652752025              	3	12	1.201	395
CIK                 	4.654247044              	3	12	1.202	396
CIK                 	4.655741857              	3	12	1.203	397
CIK                 	4.657236465              	3	12	1.204	398
CIK                 	4.658730868              	3	12	1.205	399
CIK                 	4.660225066              	3	12	1.206	400
CIK                 	4.661719059              	3	12	1.207	401
CIK                 	4.663212846              	3	12	1.208	402
CIK                 	4.664706429              	3	12	1.209	403
CIK                 	4.666199808              	3	12	1.21	404
CIK                 	4.667692982              	3	12	1.211	405
CIK                 	4.669185951              	3	12	1.212	406
CIK                 	4.670678716              	3	12	1.213	407
CIK                 	4.672171277              	3	12	1.214	408
CIK                 	4.673663634              	3	12	1.215	409
CIK                 	4.675155787              	3	12	1.216	410
CIK                 	4.676647737              	3	12	1.217	411
CIK                 	4.678139483              	3	12	1.218	412
CIK                 	4.679631025              	3	12	1.219	413
CIK                 	4.681122364              	3	12	1.22	414
CIK                 	4.682613499              	3	12	1.221	415
CIK                 	4.684104432              	3	12	1.222	416
CIK                 	4.685595161              	3	12	1.223	417
CIK                 	4.687085688              	3	12	1.224	418
CIK                 	4.688576012              	3	12	1.225	419
CIK                 	4.690066133              	3	12	1.226	420
CIK                 	4.691556051              	3	12	1.227	421
CIK                 	4.693045768              	3	12	1.228	422
CIK                 	4.694535282              	3	12	1.229	423
CIK                 	4.696024594              	3	12	1.23	424
CIK                 	4.697513704              	3	12	1.231	425
CIK                 	4.699002612              	3	12	1.232	426
CIK                 	4.700491318              	3	12	1.233	427
CIK                 	4.701979823              	3	12	1.234	428
CIK                 	4.703468126              	3	12	1.235	429
CIK                 	4.704956228              	3	12	1.236	430
CIK                 	4.706444128              	3	12	1.237	431
CIK                 	4.707931828              	3	12	1.238	432
CIK                 	4.709419326              	3	12	1.239	433
CIK                 	4.710906624              	3	12	1.24	434
CIK                 	4.712393721              	3	12	1.241	435
CIK                 	4.713880617              	3	12	1.242	436
CIK                 	4.715367313              	3	12	1.243	437
CIK                 	4.716853808              	3	12	1.244	438
CIK                 	4.718340103              	3	12	1.245	439
CIK                 	4.719826198              	3	12	1.246	440
CIK                 	4.721312093              	3	12	1.247	441
CIK                 	4.722797788              	3	12	1.248	442
CIK                 	4.724283283              	3	12	1.249	443
CIK                 	4.725768578              	3	12	1.25	444
CIK                 	4.727253675              	3	12	1.251	445
CIK                 	4.728738571              	3	12	1.252	446
CIK                 	4.730223269              	3	12	1.253	447
CIK                 	4.731707767              	3	12	1.254	448
CIK                 	4.733192066              	3	12	1.255	449
CIK                 	4.734676166              	3	12	1.256	450
CIK                 	4.736160068              	3	12	1.257	451
CIK                 	4.737643771              	3	12	1.258	452
CIK                 	4.739127275              	3	12	1.259	453
CIK                 	4.740610581              	3	12	1.26	454
CIK                 	4.742093689              	3	12	1.261	455
CIK                 	4.743576598              	3	12	1.262	456
CIK                 	4.74505931               	3	12	1.263	457
CIK                 	4.746541823              	3	12	1.264	458
CIK                 	4.748024139              	3	12	1.265	459
CIK                 	4.749506257              	3	12	1.266	460
CIK                 	4.750988177              	3	12	1.267	461
CIK                 	4.752469901              	3	12	1.268	462
CIK                 	4.753951426              	3	12	1.269	463
CIK                 	4.755432755              	3	12	1.27	464
CIK                 	4.756913886              	3	12	1.271	465
CIK                 	4.758394821              	3	12	1.272	466
CIK                 	4.759875558              	3	12	1.273	467
CIK                 	4.761356099              	3	12	1.274	468
CIK                 	4.762836443              	3	12	1.275	469
CIK                 	4.764316591              	3	12	1.276	470
CIK                 	4.765796543              	3	12	1.277	471
CIK                 	4.767276298              	3	12	1.278	472
CIK                 	4.768755857              	3	12	1.279	473
CIK                 	4.77023522               	3	12	1.28	474
CIK                 	4.771714388              	3	12	1.281	475
CIK                 	4.773193359              	3	12	1.282	476
CIK                 	4.774672135              	3	12	1.283	477
CIK                 	4.776150716              	3	12	1.284	478
CIK                 	4.777629101              	3	12	1.285	479
CIK                 	4.77910729               	3	12	1.286	480
CIK                 	4.780585285              	3	12	1.287	481
CIK                 	4.782063085              	3	12	1.288	482
CIK                 	4.783540689              	3	12	1.289	483
CIK                 	4.785018099              	3	12	1.29	484
CIK                 	4.786495314              	3	12	1.291	485
CIK                 	4.787972335              	3	12	1.292	486
CIK                 	4.789449161              	3	12	1.293	487
CIK                 	4.790925793              	3	12	1.294	488
CIK                 	4.79240223               	3	12	1.295	489
CIK                 	4.793878474              	3	12	1.296	490
CIK                 	4.795354524              	3	12	1.297	491
CIK                 	4.796830379              	3	12	1.298	492
CIK                 	4.798306042              	3	12	1.299	493
CIK                 	4.79978151               	3	12	1.3	494
CIK                 	4.801256785              	3	12	1.301	495
CIK                 	4.802731866              	3	12	1.302	496
CIK                 	4.804206755              	3	12	1.303	497
CIK                 	4.80568145               	3	12	1.304	498
CIK                 	4.807155952              	3	12	1.305	499
CIK                 	4.808630261              	3	12	1.306	500
CIK                 	4.810104378              	3	12	1.307	501
CIK                 	4.811578302              	3	12	1.308	502
CIK                 	4.813052033              	3	12	1.309	503
P                   	4.814424779              	1	12	1.31	1
--------------
