[{'A': 1, 'B': 3, 'C': 2, 'D': 0, 'E': 0, 'F': 0, 'G': 0, 'H': 9, 'I': 3, 'J': 1, 'K': 0, 'L': 2, 'M': 0, 'N': 0, 'O': 0, 'P': 0, 'Q': 1, 'R': 0, 'S': 0, 'T': 0}]
ABCDGHIJLNOPQRT     	0.0       	15	8	0	1
ABCHIJLQ            	0.08      	8	8	0.01	1
ABCHIJLQ            	0.16      	8	8	0.02	2
ABCHIJLQ            	0.24      	8	8	0.03	3
ABCHIJLQ            	0.32      	8	8	0.04	4
ABCHIJLQ            	0.4       	8	8	0.05	5
ABCHIJLQ            	0.48      	8	8	0.06	6
ABCHIJLQ            	0.56      	8	8	0.07	7
ABCHIJLQ            	0.64      	8	8	0.08	8
ABCHIJLQ            	0.72      	8	8	0.09	9
ABCHIJLQ            	0.8       	8	8	0.1	10
ABCHIJLQ            	0.88      	8	8	0.11	11
ABCHIJLQ            	0.96      	8	8	0.12	12
ABCHIJLQ            	1.04      	8	8	0.13	13
ABCHIJLQ            	1.12      	8	8	0.14	14
ABCHIJLQ            	1.2       	8	8	0.15	15
ABCHIJLQ            	1.28      	8	8	0.16	16
ABCHIJLQ            	1.36      	8	8	0.17	17
ABCHIJLQ            	1.44      	8	8	0.18	18
ABCHIJLQ            	1.52      	8	8	0.19	19
ABCHIJLQ            	1.6       	8	8	0.2	20
ABCHIJLQ            	1.68      	8	8	0.21	21
ABCHIJLQ            	1.76      	8	8	0.22	22
ABCHIJLQ            	1.84      	8	8	0.23	23
ABCHIJLQ            	1.92      	8	8	0.24	24
ABCHIJLQ            	2.0       	8	8	0.25	25
ABCHIJLQ            	2.08      	8	8	0.26	26
BCHIJLQ             	2.152611842	7	8	0.27	1
BCHIJLQ             	2.222611842	7	8	0.28	2
BCHIJLQ             	2.292611842	7	8	0.29	3
BCHIJLQ             	2.362611842	7	8	0.3	4
BCHIJLQ             	2.432611842	7	8	0.31	5
BCHIJLQ             	2.502611842	7	8	0.32	6
BCHIJLQ             	2.572611842	7	8	0.33	7
BCHIJLQ             	2.642611842	7	8	0.34	8
BCHIJLQ             	2.712611842	7	8	0.35	9
BCHIJLQ             	2.782611842	7	8	0.36	10
BHIK                	2.846223222	4	8	0.37	1
BHIK                	2.886223222	4	8	0.38	2
BHIK                	2.926223222	4	8	0.39	3
BHIK                	2.966223222	4	8	0.4	4
BHIK                	3.006223222	4	8	0.41	5
BHIK                	3.046223222	4	8	0.42	6
BHIK                	3.086223222	4	8	0.43	7
BHIK                	3.126223222	4	8	0.44	8
BHIK                	3.166223222	4	8	0.45	9
BHIK                	3.206223222	4	8	0.46	10
BHIK                	3.246223222	4	8	0.47	11
BHIK                	3.286223222	4	8	0.48	12
BHIK                	3.326223222	4	8	0.49	13
BHIK                	3.366223222	4	8	0.5	14
BHIK                	3.406223222	4	8	0.51	15
BHIK                	3.446223222	4	8	0.52	16
BHIK                	3.486223222	4	8	0.53	17
BHIK                	3.526223222	4	8	0.54	18
BHIK                	3.566223222	4	8	0.55	19
BHIK                	3.606223222	4	8	0.56	20
BHIK                	3.646223222	4	8	0.57	21
BHIK                	3.686223222	4	8	0.58	22
BHIK                	3.726223222	4	8	0.59	23
BHIK                	3.766223222	4	8	0.6	24
BHIK                	3.806223222	4	8	0.61	25
BHIK                	3.846223222	4	8	0.62	26
BHIK                	3.886223222	4	8	0.63	27
BHIK                	3.926223222	4	8	0.64	28
BHIK                	3.966223222	4	8	0.65	29
BHIK                	4.006223222	4	8	0.66	30
BHIK                	4.046223222	4	8	0.67	31
BHIK                	4.086223222	4	8	0.68	32
BHIK                	4.126223222	4	8	0.69	33
BHIK                	4.166223222	4	8	0.7	34
BHIK                	4.206223222	4	8	0.71	35
BHIK                	4.246223222	4	8	0.72	36
BHIK                	4.286223222	4	8	0.73	37
BHIK                	4.326223222	4	8	0.74	38
BHIK                	4.366223222	4	8	0.75	39
BHIK                	4.406223222	4	8	0.76	40
BHIK                	4.446223222	4	8	0.77	41
BHIK                	4.486223222	4	8	0.78	42
BHIK                	4.526223222	4	8	0.79	43
BHIK                	4.566223222	4	8	0.8	44
BHIK                	4.606223222	4	8	0.81	45
BHIK                	4.646223222	4	8	0.82	46
BHIK                	4.686223222	4	8	0.83	47
T                   	4.703636364	1	8	0.84	1
--------------
